###############################################

# Prior block chosen by BAMMtools::setBAMMpriors

poissonRatePrior = 1.0

lambdaInitPrior = 3386.62008938087

lambdaShiftPrior = 1.15160347943647e-05

muInitPrior = 3386.62008938087

lambdaInitRootPrior = 16933.1004469044

lambdaShiftRootPrior = 1.15160347943647e-05

muInitRootPrior = 16933.1004469044

#### End Prior block
######################


