"spp.name","region","extant","env.opt","time.of.origin","time.of.extinction","time.of.sp.origin","reg.env","carry.cap","reg.alpha","time.of.sp.extinction"
3675,7,0,21.6614152246607,13817,13819,5766,25.4545454545455,22000,6.4e-06,31206
3675,6,1,21.6614152246607,5766,31206,5766,21.8181818181818,22000,5.5e-06,31206
5687,5,1,17.5464502959272,7534,30829,7534,18.1818181818182,22000,4.6e-06,30829
6526,6,1,21.6216852081615,8295,31660,8295,21.8181818181818,22000,5.5e-06,31660
7416,4,0,11.2525037837239,16382,16384,9032,14.5454545454545,22000,3.7e-06,32023
7416,3,1,11.2525037837239,9032,32023,9032,10.9090909090909,22000,2.8e-06,32023
7601,3,1,10.8398689030493,9168,35455,9168,10.9090909090909,22000,2.8e-06,35455
7601,2,0,10.8398689030493,24495,24499,9168,7.27272727272727,22000,1.9e-06,35455
7631,6,1,22.1292315203678,9188,36120,9188,21.8181818181818,22000,5.5e-06,36120
7631,5,0,22.1292315203678,17646,17659,9188,18.1818181818182,22000,4.6e-06,36120
7771,3,1,10.6714423155464,9301,31112,9301,10.9090909090909,22000,2.8e-06,31112
7771,2,0,10.6714423155464,23508,23534,9301,7.27272727272727,22000,1.9e-06,31112
7771,4,0,10.6714423155464,28390,28392,9301,14.5454545454545,22000,3.7e-06,31112
7771,4,0,10.6714423155464,9685,10289,9301,14.5454545454545,22000,3.7e-06,31112
8394,9,1,32.6239596693771,9826,35734,9826,32.7272727272727,22000,8.2e-06,35734
8600,4,1,14.6144926373417,10001,50904,10001,14.5454545454545,22000,3.7e-06,50904
8621,3,1,11.2702577769493,10021,39992,10021,10.9090909090909,22000,2.8e-06,39992
8744,3,1,10.8562323740266,10118,43420,10118,10.9090909090909,22000,2.8e-06,43420
8905,3,1,11.1963181860625,10238,30177,10238,10.9090909090909,22000,2.8e-06,30177
8945,4,1,14.3842968534759,10268,41193,10268,14.5454545454545,22000,3.7e-06,41193
9165,3,1,11.1980668240693,10447,42863,10447,10.9090909090909,22000,2.8e-06,42863
9184,3,1,10.7339252236201,10463,32203,10463,10.9090909090909,22000,2.8e-06,32203
9213,4,1,13.9499161620991,10485,32853,10485,14.5454545454545,22000,3.7e-06,32853
9514,4,1,14.5011903371962,10719,48259,10719,14.5454545454545,22000,3.7e-06,48259
9514,3,0,14.5011903371962,14600,14601,10719,10.9090909090909,22000,2.8e-06,48259
9776,3,1,10.9681786124079,10913,56911,10913,10.9090909090909,22000,2.8e-06,56911
10014,3,1,10.8456584986768,11096,30280,11096,10.9090909090909,22000,2.8e-06,30280
10035,2,1,7.33468632712437,11121,36971,11121,7.27272727272727,22000,1.9e-06,36971
10109,4,0,11.0437087093165,24193,24205,11172,14.5454545454545,22000,3.7e-06,51398
10109,3,1,11.0437087093165,11172,51398,11172,10.9090909090909,22000,2.8e-06,51398
10109,4,0,11.0437087093165,35897,35898,11172,14.5454545454545,22000,3.7e-06,51398
10146,4,1,14.5494916316762,11197,30881,11197,14.5454545454545,22000,3.7e-06,30881
10258,3,0,7.18398578927585,51701,51727,11301,10.9090909090909,22000,2.8e-06,70673
10258,1,0,7.18398578927585,22543,22645,11301,3.63636363636364,22000,1e-06,70673
10258,2,1,7.18398578927585,11301,70673,11301,7.27272727272727,22000,1.9e-06,70673
10281,2,1,6.54824039125306,11326,34138,11326,7.27272727272727,22000,1.9e-06,34138
10281,1,0,6.54824039125306,11430,19090,11326,3.63636363636364,22000,1e-06,34138
10373,3,1,10.5993291867317,11389,46936,11389,10.9090909090909,22000,2.8e-06,46936
10376,5,1,18.3193061257426,11392,30076,11392,18.1818181818182,22000,4.6e-06,30076
10390,4,1,13.8798075227643,11407,38853,11407,14.5454545454545,22000,3.7e-06,38853
10461,2,1,6.94216432432482,11463,31024,11463,7.27272727272727,22000,1.9e-06,31024
10618,7,1,25.5217765364305,11581,32475,11581,25.4545454545455,22000,6.4e-06,32475
10641,3,0,7.07635797158721,17977,17979,11594,10.9090909090909,22000,2.8e-06,34384
10641,2,1,7.07635797158721,14972,34384,11594,7.27272727272727,22000,1.9e-06,34384
10641,1,0,7.07635797158721,11594,17294,11594,3.63636363636364,22000,1e-06,34384
10775,2,1,7.18421945533494,11689,32579,11689,7.27272727272727,22000,1.9e-06,32579
10847,2,0,3.91628334018046,11997,14386,11740,7.27272727272727,22000,1.9e-06,50311
10847,1,1,3.91628334018046,11740,50311,11740,3.63636363636364,22000,1e-06,50311
10893,1,1,2.72507433149883,11774,37942,11774,3.63636363636364,22000,1e-06,69263
10901,5,1,17.7517558882182,11777,34043,11777,18.1818181818182,22000,4.6e-06,34043
10961,4,1,14.5265639717899,11817,31400,11817,14.5454545454545,22000,3.7e-06,31400
10979,2,1,7.92927839353002,11834,35726,11834,7.27272727272727,22000,1.9e-06,35726
11003,2,1,7.05115029608166,11851,30690,11851,7.27272727272727,22000,1.9e-06,30690
11024,2,1,7.46370505451224,11869,44022,11869,7.27272727272727,22000,1.9e-06,44022
11024,3,0,7.46370505451224,22378,22379,11869,10.9090909090909,22000,2.8e-06,44022
11085,3,1,10.9863241118456,11929,43100,11929,10.9090909090909,22000,2.8e-06,43100
11256,1,1,4.21903953308666,12051,33319,12051,3.63636363636364,22000,1e-06,33319
11294,2,1,7.73139871194799,12072,34794,12072,7.27272727272727,22000,1.9e-06,34794
11319,1,0,6.53141604025867,14115,17361,12090,3.63636363636364,22000,1e-06,33526
11319,2,1,6.53141604025867,12090,33526,12090,7.27272727272727,22000,1.9e-06,33526
11336,1,1,3.93348891033003,12104,93972,12104,3.63636363636364,22000,1e-06,93972
11336,2,0,3.93348891033003,87191,87199,12104,7.27272727272727,22000,1.9e-06,93972
11469,2,1,6.74345106581282,12210,32095,12210,7.27272727272727,22000,1.9e-06,32095
11469,3,0,6.74345106581282,20952,20957,12210,10.9090909090909,22000,2.8e-06,32095
11493,1,0,3.10585118671346,58883,63024,12229,3.63636363636364,22000,1e-06,63024
11493,1,1,3.10585118671346,12229,31497,12229,3.63636363636364,22000,1e-06,63024
11515,1,1,3.38190828968639,12246,32620,12246,3.63636363636364,22000,1e-06,32620
11524,3,1,10.855240975112,12254,47788,12254,10.9090909090909,22000,2.8e-06,47788
11524,4,0,10.855240975112,16996,16997,12254,14.5454545454545,22000,3.7e-06,47788
11531,1,1,3.37492044904875,12258,48216,12258,3.63636363636364,22000,1e-06,48216
11554,2,0,3.27072004269727,12297,12791,12283,7.27272727272727,22000,1.9e-06,100001
11554,1,1,3.27072004269727,12283,100001,12283,3.63636363636364,22000,1e-06,100001
11568,2,1,7.41047174564159,12293,33398,12293,7.27272727272727,22000,1.9e-06,33398
11602,4,1,14.5895057062953,12317,39722,12317,14.5454545454545,22000,3.7e-06,39722
11608,7,1,25.4097430125504,12319,35130,12319,25.4545454545455,22000,6.4e-06,35130
11733,1,1,3.95286006977756,12407,57302,12407,3.63636363636364,22000,1e-06,57302
11738,2,1,7.54436063241282,12415,37519,12415,7.27272727272727,22000,1.9e-06,37519
11743,2,1,7.24525845706246,12421,46084,12421,7.27272727272727,22000,1.9e-06,46084
11751,2,1,7.67106267672352,12426,35155,12426,7.27272727272727,22000,1.9e-06,35155
11751,3,0,7.67106267672352,23236,23278,12426,10.9090909090909,22000,2.8e-06,35155
11829,2,1,7.05939301874195,12485,46947,12485,7.27272727272727,22000,1.9e-06,46947
11945,5,1,17.546371619013,12573,31483,12573,18.1818181818182,22000,4.6e-06,31483
11962,1,1,3.1091067159626,12583,63955,12583,3.63636363636364,22000,1e-06,63955
11969,4,1,14.7123305139647,12590,32970,12590,14.5454545454545,22000,3.7e-06,32970
11991,6,1,21.9193165377029,12603,33777,12603,21.8181818181818,22000,5.5e-06,33777
11999,1,1,3.53688580218922,12610,66577,12610,3.63636363636364,22000,1e-06,66577
11999,2,0,3.53688580218922,14388,14543,12610,7.27272727272727,22000,1.9e-06,66577
12191,2,1,7.95061741774616,12756,36948,12756,7.27272727272727,22000,1.9e-06,36948
12191,3,0,7.95061741774616,32526,32633,12756,10.9090909090909,22000,2.8e-06,36948
12398,1,1,3.36805442681294,12903,35804,12903,3.63636363636364,22000,1e-06,35804
12403,2,0,3.69693746854197,15535,15583,12906,7.27272727272727,22000,1.9e-06,30725
12403,2,0,3.69693746854197,15136,15139,12906,7.27272727272727,22000,1.9e-06,30725
12403,1,1,3.69693746854197,12906,30725,12906,3.63636363636364,22000,1e-06,30725
12407,1,1,4.36554592532577,12908,35251,12908,3.63636363636364,22000,1e-06,35251
12407,2,0,4.36554592532577,13950,14912,12908,7.27272727272727,22000,1.9e-06,35251
12422,1,1,2.25180668368258,12920,31685,12920,3.63636363636364,22000,1e-06,31685
12432,2,1,6.98091477702019,12925,31841,12925,7.27272727272727,22000,1.9e-06,31841
12452,6,1,21.9858523821581,12938,30771,12938,21.8181818181818,22000,5.5e-06,30771
12454,2,1,7.25398528794235,12939,36465,12939,7.27272727272727,22000,1.9e-06,36465
12478,3,1,10.7471878539102,12961,33805,12961,10.9090909090909,22000,2.8e-06,33805
12592,6,1,21.4237236439752,13060,30021,13060,21.8181818181818,22000,5.5e-06,30021
12752,4,1,14.7350078227385,13179,41576,13179,14.5454545454545,22000,3.7e-06,41576
12856,2,1,6.1720828730083,13266,32977,13266,7.27272727272727,22000,1.9e-06,32977
12878,3,1,11.4737581199408,13280,36931,13280,10.9090909090909,22000,2.8e-06,36931
12934,1,1,3.69337394075323,13316,37104,13316,3.63636363636364,22000,1e-06,37104
13025,2,1,6.75199127172046,13385,31306,13385,7.27272727272727,22000,1.9e-06,31306
13116,4,1,14.791049112108,13453,39884,13453,14.5454545454545,22000,3.7e-06,39884
13150,3,1,10.504192908821,13481,55937,13481,10.9090909090909,22000,2.8e-06,55937
13180,1,1,4.11391465349783,13508,34680,13508,3.63636363636364,22000,1e-06,34680
13334,2,1,7.23660750951184,13628,36137,13628,7.27272727272727,22000,1.9e-06,36137
13379,2,0,3.3340405992618,43985,43995,13672,7.27272727272727,22000,1.9e-06,45957
13379,1,1,3.3340405992618,13672,45957,13672,3.63636363636364,22000,1e-06,45957
13609,5,1,18.4418116721837,13836,31533,13836,18.1818181818182,22000,4.6e-06,31533
13622,1,1,2.73984640000517,13842,34246,13842,3.63636363636364,22000,1e-06,34246
13669,1,1,3.49865044516668,13876,38580,13876,3.63636363636364,22000,1e-06,38580
13812,1,1,3.24527121701763,13983,40243,13983,3.63636363636364,22000,1e-06,40243
13874,1,1,3.3948443404385,14031,64181,14031,3.63636363636364,22000,1e-06,64181
13893,1,1,2.40581359850362,14047,35591,14047,3.63636363636364,22000,1e-06,83516
13918,1,1,4.57955741403329,14070,34829,14070,3.63636363636364,22000,1e-06,34829
14058,1,1,3.01518913149342,14178,57950,14178,3.63636363636364,22000,1e-06,57950
14102,1,1,4.42862336823608,14214,63923,14214,3.63636363636364,22000,1e-06,63923
14103,2,1,6.82732593730629,14214,47020,14214,7.27272727272727,22000,1.9e-06,47020
14109,3,1,10.2915404403779,14220,33883,14220,10.9090909090909,22000,2.8e-06,33883
14122,2,1,8.43118979404899,14231,31344,14231,7.27272727272727,22000,1.9e-06,31344
14160,2,1,7.01995095721461,14259,37460,14259,7.27272727272727,22000,1.9e-06,37460
14174,4,1,14.858499714111,14276,31365,14276,14.5454545454545,22000,3.7e-06,31365
14284,1,1,3.06973615083843,14362,48048,14362,3.63636363636364,22000,1e-06,48048
14294,1,1,3.83199559074757,14369,34395,14369,3.63636363636364,22000,1e-06,34395
14294,2,0,3.83199559074757,30550,30558,14369,7.27272727272727,22000,1.9e-06,34395
14350,6,1,21.7556578411978,14408,33273,14408,21.8181818181818,22000,5.5e-06,33273
14386,4,1,15.3595164955337,14440,32795,14440,14.5454545454545,22000,3.7e-06,32795
14478,1,1,2.29022854806041,14521,34160,14521,3.63636363636364,22000,1e-06,34160
14504,1,1,3.74040414933457,14540,48944,14540,3.63636363636364,22000,1e-06,48944
14606,2,0,10.6584257894004,18902,18906,14619,7.27272727272727,22000,1.9e-06,44372
14606,3,1,10.6584257894004,14619,44372,14619,10.9090909090909,22000,2.8e-06,44372
14658,1,1,3.95853116061077,14656,44620,14656,3.63636363636364,22000,1e-06,44620
14714,3,1,11.2678993858653,14700,32776,14700,10.9090909090909,22000,2.8e-06,32776
14724,2,1,8.02290258935171,14705,36540,14705,7.27272727272727,22000,1.9e-06,36540
14739,3,0,8.03620750432293,38282,38299,14717,10.9090909090909,22000,2.8e-06,42811
14739,2,1,8.03620750432293,14717,42811,14717,7.27272727272727,22000,1.9e-06,42811
14743,6,1,21.6707468225079,14721,37441,14721,21.8181818181818,22000,5.5e-06,37441
14751,1,1,2.99304690283389,14728,51461,14728,3.63636363636364,22000,1e-06,51461
14854,4,1,14.7841706516135,14813,39156,14813,14.5454545454545,22000,3.7e-06,39156
14942,2,1,8.22928600544826,14879,30198,14879,7.27272727272727,22000,1.9e-06,30198
15040,1,1,4.33616355423428,14955,52083,14955,3.63636363636364,22000,1e-06,52083
15198,2,1,7.15257062874713,15062,32126,15062,7.27272727272727,22000,1.9e-06,32126
15247,8,1,29.3239115907259,15092,36392,15092,29.0909090909091,22000,7.3e-06,36392
15363,4,1,14.2878466562277,15172,37575,15172,14.5454545454545,22000,3.7e-06,37575
15425,1,1,3.5234442404619,15217,53285,15217,3.63636363636364,22000,1e-06,53285
15571,3,1,10.5255929200861,15312,48328,15312,10.9090909090909,22000,2.8e-06,48328
15581,1,1,3.01316832669276,15316,48729,15316,3.63636363636364,22000,1e-06,48729
15591,2,1,7.37754804168479,15325,31598,15325,7.27272727272727,22000,1.9e-06,31598
15655,6,1,21.7440068613936,15364,30633,15364,21.8181818181818,22000,5.5e-06,30633
15712,1,1,3.51158677068675,15407,63317,15407,3.63636363636364,22000,1e-06,63317
15737,1,1,4.3718130009721,15423,31416,15423,3.63636363636364,22000,1e-06,31416
15752,1,1,3.34799966621676,15431,80473,15431,3.63636363636364,22000,1e-06,80473
15782,3,1,10.697091657887,15454,38366,15454,10.9090909090909,22000,2.8e-06,38366
15782,4,0,10.697091657887,20951,20955,15454,14.5454545454545,22000,3.7e-06,38366
15782,2,0,10.697091657887,33375,33377,15454,7.27272727272727,22000,1.9e-06,38366
15790,2,1,7.29406312032262,15457,32255,15457,7.27272727272727,22000,1.9e-06,32255
15814,2,1,6.89084427375173,15473,45337,15473,7.27272727272727,22000,1.9e-06,45337
15835,1,1,4.49192728867774,15491,35386,15491,3.63636363636364,22000,1e-06,35386
15838,2,0,3.78004060971065,18576,18594,15494,7.27272727272727,22000,1.9e-06,41969
15838,1,1,3.78004060971065,15494,41969,15494,3.63636363636364,22000,1e-06,41969
15882,1,1,2.83592249901564,15524,31269,15524,3.63636363636364,22000,1e-06,31269
15897,1,1,2.44903201185024,15538,32864,15538,3.63636363636364,22000,1e-06,32864
15939,1,1,2.93682964426029,15575,40148,15575,3.63636363636364,22000,1e-06,40148
15957,1,1,2.94188867570565,15593,32731,15593,3.63636363636364,22000,1e-06,32731
15972,2,1,7.98352225638175,15603,33276,15603,7.27272727272727,22000,1.9e-06,33276
16046,2,1,6.92897605120823,15653,36765,15653,7.27272727272727,22000,1.9e-06,36765
16088,1,1,3.47248775645732,15692,100001,15692,3.63636363636364,22000,1e-06,100001
16117,3,1,10.8777037852863,15715,34492,15715,10.9090909090909,22000,2.8e-06,34492
16151,5,1,18.496044182003,15741,31203,15741,18.1818181818182,22000,4.6e-06,31203
16177,1,1,3.63606230053781,15769,53198,15769,3.63636363636364,22000,1e-06,53198
16177,2,0,3.63606230053781,31361,31363,15769,7.27272727272727,22000,1.9e-06,53198
16337,3,1,10.5924453798066,15887,37352,15887,10.9090909090909,22000,2.8e-06,37352
16349,2,1,7.90301924862462,15897,31282,15897,7.27272727272727,22000,1.9e-06,31282
16377,3,1,10.9281985886425,15916,40680,15916,10.9090909090909,22000,2.8e-06,40680
16383,5,1,17.1892785401778,15920,30230,15920,18.1818181818182,22000,4.6e-06,30230
16383,6,0,17.1892785401778,19329,19332,15920,21.8181818181818,22000,5.5e-06,30230
16412,2,1,6.83813783235591,15941,38213,15941,7.27272727272727,22000,1.9e-06,38213
16475,1,1,2.01793369227413,15980,30556,15980,3.63636363636364,22000,1e-06,30556
16487,10,1,35.8910579372737,15989,31536,15989,36.3636363636364,22000,9.1e-06,31536
16556,1,1,2.80087410162024,16040,36908,16040,3.63636363636364,22000,1e-06,36908
16591,1,1,4.96130493925389,16067,30520,16067,3.63636363636364,22000,1e-06,30520
16608,1,1,3.7175688533625,16076,52991,16076,3.63636363636364,22000,1e-06,52991
16697,2,1,6.27310929917156,16142,32905,16142,7.27272727272727,22000,1.9e-06,32905
16697,1,0,6.27310929917156,21221,21288,16142,3.63636363636364,22000,1e-06,32905
16747,1,1,2.50633090917754,16182,35926,16182,3.63636363636364,22000,1e-06,35926
16749,2,1,7.2157851784567,16183,59357,16183,7.27272727272727,22000,1.9e-06,59357
16855,3,1,11.1320327825564,16260,51756,16260,10.9090909090909,22000,2.8e-06,51756
16914,4,1,14.5492963683309,16298,45278,16298,14.5454545454545,22000,3.7e-06,45278
16926,5,0,22.0982019662764,41277,41278,16306,18.1818181818182,22000,4.6e-06,41873
16926,6,1,22.0982019662764,16306,41873,16306,21.8181818181818,22000,5.5e-06,41873
16964,3,1,11.5207249126125,16336,30654,16336,10.9090909090909,22000,2.8e-06,30654
16977,8,1,29.3547596558218,16342,33234,16342,29.0909090909091,22000,7.3e-06,33234
16984,1,1,3.86517612371472,16350,44038,16350,3.63636363636364,22000,1e-06,44038
17061,3,1,10.3733479320351,16403,32210,16403,10.9090909090909,22000,2.8e-06,32210
17113,1,1,2.8529519405099,16443,31182,16443,3.63636363636364,22000,1e-06,31182
17116,3,0,7.75861299208008,19975,19982,16445,10.9090909090909,22000,2.8e-06,31854
17116,2,1,7.75861299208008,16445,31854,16445,7.27272727272727,22000,1.9e-06,31854
17318,1,1,3.18927826558659,16608,41990,16608,3.63636363636364,22000,1e-06,41990
17318,2,0,3.18927826558659,34445,34447,16608,7.27272727272727,22000,1.9e-06,41990
17420,1,1,4.42173725210167,16686,35695,16686,3.63636363636364,22000,1e-06,35695
17445,4,1,14.5598942532092,16707,45232,16707,14.5454545454545,22000,3.7e-06,45232
17474,2,1,7.33218578861969,16727,43741,16727,7.27272727272727,22000,1.9e-06,43741
17480,1,1,3.56510243284966,16731,30973,16731,3.63636363636364,22000,1e-06,30973
17534,2,1,7.84400454107903,16768,38028,16768,7.27272727272727,22000,1.9e-06,38028
17551,4,1,14.2360186110558,16784,34918,16784,14.5454545454545,22000,3.7e-06,34918
17551,5,0,14.2360186110558,26087,26088,16784,18.1818181818182,22000,4.6e-06,34918
17627,7,1,26.1743703982149,16835,30630,16835,25.4545454545455,22000,6.4e-06,30630
17645,5,1,17.871063532781,16845,32469,16845,18.1818181818182,22000,4.6e-06,32469
17668,2,1,7.66278141029834,16864,49246,16864,7.27272727272727,22000,1.9e-06,49246
17696,3,0,7.5036327353027,29715,29718,16879,10.9090909090909,22000,2.8e-06,35182
17696,2,1,7.5036327353027,16879,35182,16879,7.27272727272727,22000,1.9e-06,35182
17697,3,1,10.7202785240171,16881,39037,16881,10.9090909090909,22000,2.8e-06,39037
17732,5,1,18.2244253237087,16905,32842,16905,18.1818181818182,22000,4.6e-06,32842
17736,3,0,6.96036884557651,32347,32350,16908,10.9090909090909,22000,2.8e-06,41071
17736,2,1,6.96036884557651,16908,41071,16908,7.27272727272727,22000,1.9e-06,41071
17742,8,1,29.5062994174392,16916,31784,16916,29.0909090909091,22000,7.3e-06,31784
17783,10,1,36.2334463535306,16945,30057,16945,36.3636363636364,22000,9.1e-06,30057
17797,2,1,7.29010431444066,16958,30992,16958,7.27272727272727,22000,1.9e-06,30992
17832,3,1,11.1789614446741,16985,39456,16985,10.9090909090909,22000,2.8e-06,39456
17835,1,1,4.46546584504019,16986,30327,16986,3.63636363636364,22000,1e-06,30327
17873,1,1,2.68810339713729,17018,34683,17018,3.63636363636364,22000,1e-06,34683
17908,1,1,4.07007196171415,17057,37075,17057,3.63636363636364,22000,1e-06,37075
17925,3,1,10.3562496591942,17068,33653,17068,10.9090909090909,22000,2.8e-06,33653
17969,3,1,10.5979192434634,17095,42659,17095,10.9090909090909,22000,2.8e-06,42659
18098,6,1,21.6372723196955,17212,32429,17212,21.8181818181818,22000,5.5e-06,32429
18098,5,0,21.6372723196955,20757,20771,17212,18.1818181818182,22000,4.6e-06,32429
18213,2,1,7.61251528536784,17296,33247,17296,7.27272727272727,22000,1.9e-06,33247
18217,4,1,14.7850440819285,17298,37188,17298,14.5454545454545,22000,3.7e-06,37188
18232,4,1,14.0082154217975,17311,42034,17311,14.5454545454545,22000,3.7e-06,42034
18274,1,1,4.11889914810583,17346,30599,17346,3.63636363636364,22000,1e-06,30599
18299,8,1,28.5245457377281,17358,35360,17358,29.0909090909091,22000,7.3e-06,35360
18304,5,1,17.6745494506659,17365,43901,17365,18.1818181818182,22000,4.6e-06,43901
18413,3,1,11.9268602131732,17446,33831,17446,10.9090909090909,22000,2.8e-06,33831
18469,3,1,11.4809398534582,17494,32725,17494,10.9090909090909,22000,2.8e-06,32725
18475,1,1,2.31791369830538,17497,31724,17497,3.63636363636364,22000,1e-06,31724
18518,3,1,10.7197194802522,17526,38521,17526,10.9090909090909,22000,2.8e-06,38521
18593,6,1,21.7785508048077,17580,30205,17580,21.8181818181818,22000,5.5e-06,30205
18600,5,1,18.5057415899847,17584,33731,17584,18.1818181818182,22000,4.6e-06,33731
18642,3,1,11.0591362549795,17609,44151,17609,10.9090909090909,22000,2.8e-06,44151
18655,1,1,3.77579232390125,17616,82605,17616,3.63636363636364,22000,1e-06,82605
18655,2,0,3.77579232390125,65544,65559,17616,7.27272727272727,22000,1.9e-06,82605
18683,1,1,4.01967958564497,17632,45842,17632,3.63636363636364,22000,1e-06,45842
18756,1,0,7.65153977106501,28095,28098,17681,3.63636363636364,22000,1e-06,65396
18756,2,1,7.65153977106501,17681,65396,17681,7.27272727272727,22000,1.9e-06,65396
18767,2,1,6.81282998329369,17685,31856,17685,7.27272727272727,22000,1.9e-06,31856
18779,6,1,21.3829743287067,17696,30729,17696,21.8181818181818,22000,5.5e-06,30729
18826,2,1,6.62193954382568,17731,43388,17731,7.27272727272727,22000,1.9e-06,43388
18867,3,1,11.3218446732201,17764,33182,17764,10.9090909090909,22000,2.8e-06,33182
18903,4,1,14.1233199252743,17792,38920,17792,14.5454545454545,22000,3.7e-06,38920
18913,3,1,11.2250220083463,17798,30090,17798,10.9090909090909,22000,2.8e-06,30090
18923,2,1,6.13838049880612,17811,32100,17811,7.27272727272727,22000,1.9e-06,32100
18937,6,1,22.2907023413251,17820,33510,17820,21.8181818181818,22000,5.5e-06,33510
19058,2,1,8.02896512134629,17910,35137,17910,7.27272727272727,22000,1.9e-06,35137
19125,8,1,28.7788011191707,17959,31426,17959,29.0909090909091,22000,7.3e-06,31426
19156,2,1,7.15973839984655,17984,51205,17984,7.27272727272727,22000,1.9e-06,51205
19160,2,1,7.01615139256722,17988,32017,17988,7.27272727272727,22000,1.9e-06,32017
19252,2,1,7.42335524045008,18056,40114,18056,7.27272727272727,22000,1.9e-06,40114
19256,7,1,25.492204664215,18057,46851,18057,25.4545454545455,22000,6.4e-06,46851
19324,2,1,7.68618850600851,18118,55119,18118,7.27272727272727,22000,1.9e-06,55119
19331,1,1,3.44823280003403,18124,34344,18124,3.63636363636364,22000,1e-06,34344
19337,1,1,4.26392122778704,18129,41451,18129,3.63636363636364,22000,1e-06,41451
19337,2,0,4.26392122778704,19669,19687,18129,7.27272727272727,22000,1.9e-06,41451
19369,5,1,17.9667174295453,18154,32043,18154,18.1818181818182,22000,4.6e-06,32043
19421,2,0,4.10826848745575,23418,23431,18194,7.27272727272727,22000,1.9e-06,41998
19421,1,1,4.10826848745575,18194,41998,18194,3.63636363636364,22000,1e-06,41998
19446,9,1,32.5184051720334,18205,31909,18205,32.7272727272727,22000,8.2e-06,31909
19446,10,0,32.5184051720334,26397,26408,18205,36.3636363636364,22000,9.1e-06,31909
19499,10,1,35.8606009341118,18247,30981,18247,36.3636363636364,22000,9.1e-06,30981
19504,3,1,11.2893537487842,18254,43323,18254,10.9090909090909,22000,2.8e-06,43323
19528,2,1,6.34259272334288,18275,33866,18275,7.27272727272727,22000,1.9e-06,33866
19545,1,1,3.56346001205318,18288,39746,18288,3.63636363636364,22000,1e-06,39746
19557,10,1,36.6801935909431,18300,30478,18300,36.3636363636364,22000,9.1e-06,30478
19611,3,1,11.3286293125759,18349,37780,18349,10.9090909090909,22000,2.8e-06,37780
19614,1,1,4.99122346640163,18354,30684,18354,3.63636363636364,22000,1e-06,30684
19641,2,0,2.43737477109944,20735,20738,18370,7.27272727272727,22000,1.9e-06,36868
19641,1,1,2.43737477109944,18370,36868,18370,3.63636363636364,22000,1e-06,36868
19689,4,1,14.6851003650864,18412,30446,18412,14.5454545454545,22000,3.7e-06,30446
19699,5,0,14.5227719725745,22000,22001,18417,18.1818181818182,22000,4.6e-06,30207
19699,4,1,14.5227719725745,18417,30207,18417,14.5454545454545,22000,3.7e-06,30207
19795,1,1,4.42225695835362,18497,55551,18497,3.63636363636364,22000,1e-06,55551
19850,4,1,14.5869528587694,18538,33292,18538,14.5454545454545,22000,3.7e-06,33292
19896,3,1,11.684775927281,18574,31716,18574,10.9090909090909,22000,2.8e-06,31716
19896,2,0,11.684775927281,22191,22197,18574,7.27272727272727,22000,1.9e-06,31716
19902,2,1,7.73796541866518,18581,35522,18581,7.27272727272727,22000,1.9e-06,35522
20025,2,1,7.36168039224451,18675,35875,18675,7.27272727272727,22000,1.9e-06,35875
20051,9,1,32.2515508770683,18695,35179,18695,32.7272727272727,22000,8.2e-06,35179
20108,9,1,33.3973261946096,18739,30770,18739,32.7272727272727,22000,8.2e-06,30770
20116,4,1,14.0165068251786,18742,31652,18742,14.5454545454545,22000,3.7e-06,31652
20130,4,1,14.3756154556882,18754,30389,18754,14.5454545454545,22000,3.7e-06,30389
20146,1,1,3.17046237412444,18765,41520,18765,3.63636363636364,22000,1e-06,41520
20148,2,0,11.2577850129306,25432,25445,18770,7.27272727272727,22000,1.9e-06,31098
20148,3,1,11.2577850129306,18770,31098,18770,10.9090909090909,22000,2.8e-06,31098
20167,5,1,17.9606865388889,18785,46506,18785,18.1818181818182,22000,4.6e-06,46506
20170,1,1,4.32779301427212,18787,36229,18787,3.63636363636364,22000,1e-06,36229
20174,2,1,6.88858632812782,18791,30292,18791,7.27272727272727,22000,1.9e-06,30292
20201,1,1,2.30929902235242,18813,30305,18813,3.63636363636364,22000,1e-06,30305
20204,5,1,18.4443704071425,18815,30427,18815,18.1818181818182,22000,4.6e-06,30427
20228,2,1,7.13205470925308,18831,49101,18831,7.27272727272727,22000,1.9e-06,49101
20229,7,1,25.2734248984664,18831,30144,18831,25.4545454545455,22000,6.4e-06,30144
20249,6,1,21.4564928189534,18846,33633,18846,21.8181818181818,22000,5.5e-06,33633
20264,6,1,22.0269902233433,18858,30553,18858,21.8181818181818,22000,5.5e-06,30553
20325,6,1,21.4983448992902,18900,35319,18900,21.8181818181818,22000,5.5e-06,35319
20445,4,1,14.1692045001564,18988,30847,18988,14.5454545454545,22000,3.7e-06,30847
20466,2,1,7.5202457940522,19005,59322,19005,7.27272727272727,22000,1.9e-06,59322
20485,6,1,21.688032310758,19017,35865,19017,21.8181818181818,22000,5.5e-06,35865
20511,2,1,7.05007844099641,19035,45215,19035,7.27272727272727,22000,1.9e-06,45215
20515,3,1,11.4463926788369,19037,57892,19037,10.9090909090909,22000,2.8e-06,57892
20518,6,1,21.6971400645691,19038,31637,19038,21.8181818181818,22000,5.5e-06,31637
20523,1,0,7.8586063167548,20982,21000,19042,3.63636363636364,22000,1e-06,30276
20523,2,1,7.8586063167548,19042,30276,19042,7.27272727272727,22000,1.9e-06,30276
20534,2,1,7.30235011561432,19047,91138,19047,7.27272727272727,22000,1.9e-06,91138
20609,1,1,3.0625714298725,19110,34029,19110,3.63636363636364,22000,1e-06,34029
20670,2,1,7.16594494093708,19164,38578,19164,7.27272727272727,22000,1.9e-06,38578
20673,1,1,4.27738799978257,19168,56860,19168,3.63636363636364,22000,1e-06,56860
20674,5,1,18.3825982904598,19168,32041,19168,18.1818181818182,22000,4.6e-06,32041
20681,5,1,17.7972542421748,19170,32643,19170,18.1818181818182,22000,4.6e-06,32643
20724,1,0,7.01614093913445,43673,43674,19201,3.63636363636364,22000,1e-06,58519
20724,2,1,7.01614093913445,19201,58519,19201,7.27272727272727,22000,1.9e-06,58519
20736,5,1,18.1267741138558,19211,30732,19211,18.1818181818182,22000,4.6e-06,30732
20750,1,1,4.20677274149673,19219,30493,19219,3.63636363636364,22000,1e-06,30493
20753,5,1,17.9661552459689,19221,30978,19221,18.1818181818182,22000,4.6e-06,30978
20759,5,1,17.3303336845734,19224,38318,19224,18.1818181818182,22000,4.6e-06,38318
20779,9,1,32.9563948393521,19238,33308,19238,32.7272727272727,22000,8.2e-06,33308
20827,4,1,14.3213904713346,19272,40890,19272,14.5454545454545,22000,3.7e-06,40890
20850,10,1,36.6325958491162,19289,36956,19289,36.3636363636364,22000,9.1e-06,36956
20883,1,1,3.68521392843338,19317,33719,19317,3.63636363636364,22000,1e-06,33719
20901,2,1,6.62880866529812,19333,35688,19333,7.27272727272727,22000,1.9e-06,35688
20914,3,1,10.6831575470544,19343,43266,19343,10.9090909090909,22000,2.8e-06,43266
20951,2,1,7.43969429984891,19362,33958,19362,7.27272727272727,22000,1.9e-06,33958
20980,1,0,2.09950163405488,90550,93690,19385,3.63636363636364,22000,1e-06,100001
20980,1,1,2.09950163405488,19385,32418,19385,3.63636363636364,22000,1e-06,100001
20995,2,1,7.11011144213025,19398,31209,19398,7.27272727272727,22000,1.9e-06,31209
21062,4,1,14.6128793390987,19437,49633,19437,14.5454545454545,22000,3.7e-06,49633
21066,4,1,14.6517030494052,19439,39332,19439,14.5454545454545,22000,3.7e-06,39332
21108,2,1,8.54638233113922,19470,34212,19470,7.27272727272727,22000,1.9e-06,34212
21144,3,1,11.0396135751825,19497,34837,19497,10.9090909090909,22000,2.8e-06,34837
21168,5,1,18.8187114188501,19513,30857,19513,18.1818181818182,22000,4.6e-06,30857
21209,1,1,3.09232397676305,19550,43686,19550,3.63636363636364,22000,1e-06,43686
21239,7,1,25.7404971286717,19569,33332,19569,25.4545454545455,22000,6.4e-06,33332
21310,2,1,6.82688565529089,19633,32863,19633,7.27272727272727,22000,1.9e-06,32863
21317,1,1,3.95338300154317,19641,65033,19641,3.63636363636364,22000,1e-06,65033
21317,2,0,3.95338300154317,27583,27586,19641,7.27272727272727,22000,1.9e-06,65033
21329,1,1,2.72293989385844,19649,34691,19649,3.63636363636364,22000,1e-06,34691
21349,8,1,29.9204930010442,19666,30430,19666,29.0909090909091,22000,7.3e-06,30430
21352,3,1,11.3472990889728,19672,36310,19672,10.9090909090909,22000,2.8e-06,36310
21367,5,1,17.6522511564262,19686,40602,19686,18.1818181818182,22000,4.6e-06,40602
21375,2,0,10.6178072123972,46758,46761,19691,7.27272727272727,22000,1.9e-06,47891
21375,3,1,10.6178072123972,19691,47891,19691,10.9090909090909,22000,2.8e-06,47891
21384,8,1,29.4478236384895,19698,34632,19698,29.0909090909091,22000,7.3e-06,34632
21397,1,1,4.63679448858626,19713,37458,19713,3.63636363636364,22000,1e-06,37458
21418,2,1,8.0371280909958,19731,35077,19731,7.27272727272727,22000,1.9e-06,35077
21443,2,1,6.54309702594255,19753,31292,19753,7.27272727272727,22000,1.9e-06,31292
21468,2,1,7.08319005912857,19769,59856,19769,7.27272727272727,22000,1.9e-06,59856
21550,2,1,8.07468317467726,19819,30789,19819,7.27272727272727,22000,1.9e-06,30789
21563,4,1,14.5485829010724,19832,30795,19832,14.5454545454545,22000,3.7e-06,30795
21582,3,1,11.6288425671299,19849,33739,19849,10.9090909090909,22000,2.8e-06,33739
21621,1,1,4.80770426584671,19872,38497,19872,3.63636363636364,22000,1e-06,38497
21626,7,1,26.1101505877456,19876,30806,19876,25.4545454545455,22000,6.4e-06,30806
21664,5,1,18.8072256494849,19906,31980,19906,18.1818181818182,22000,4.6e-06,31980
21674,4,1,13.9740370618922,19915,30460,19915,14.5454545454545,22000,3.7e-06,30460
21682,3,1,10.2182005195356,19925,31630,19925,10.9090909090909,22000,2.8e-06,31630
21744,1,1,4.33252400261981,19972,32983,19972,3.63636363636364,22000,1e-06,32983
21747,1,1,4.73065603989344,19974,34047,19974,3.63636363636364,22000,1e-06,34047
21769,4,1,14.2634780519908,19994,32934,19994,14.5454545454545,22000,3.7e-06,32934
21817,1,1,3.88237614149399,20039,95661,20039,3.63636363636364,22000,1e-06,95661
21819,3,1,11.247250071961,20041,43911,20041,10.9090909090909,22000,2.8e-06,43911
21829,4,1,14.0368687268997,20048,38859,20048,14.5454545454545,22000,3.7e-06,38859
21851,4,1,14.7706655980252,20066,30357,20066,14.5454545454545,22000,3.7e-06,30357
21880,7,1,25.0062318242734,20085,30423,20085,25.4545454545455,22000,6.4e-06,30423
21894,7,1,25.4285151993378,20097,36377,20097,25.4545454545455,22000,6.4e-06,36377
21899,6,1,22.6377115429823,20102,31174,20102,21.8181818181818,22000,5.5e-06,31174
21938,4,1,14.7422754173993,20130,30472,20130,14.5454545454545,22000,3.7e-06,30472
21951,4,1,14.2108380201193,20140,32860,20140,14.5454545454545,22000,3.7e-06,32860
21951,3,0,14.2108380201193,22700,22711,20140,10.9090909090909,22000,2.8e-06,32860
22086,5,0,14.2494992242601,38830,38838,20241,18.1818181818182,22000,4.6e-06,39830
22086,4,1,14.2494992242601,20241,39830,20241,14.5454545454545,22000,3.7e-06,39830
22095,2,1,7.1013831679974,20250,35592,20250,7.27272727272727,22000,1.9e-06,35592
22095,1,0,7.1013831679974,34670,34676,20250,3.63636363636364,22000,1e-06,35592
22104,3,1,11.2084627054008,20253,31463,20253,10.9090909090909,22000,2.8e-06,31463
22111,6,1,20.9974982004705,20258,32055,20258,21.8181818181818,22000,5.5e-06,32055
22128,5,1,18.0990233732993,20269,30177,20269,18.1818181818182,22000,4.6e-06,30177
22235,4,1,13.4600136749318,20352,33231,20352,14.5454545454545,22000,3.7e-06,33231
22252,2,1,7.68957596859455,20365,30780,20365,7.27272727272727,22000,1.9e-06,30780
22282,7,1,25.5116152646189,20387,30495,20387,25.4545454545455,22000,6.4e-06,30495
22287,5,1,18.1684899175623,20391,34143,20391,18.1818181818182,22000,4.6e-06,34143
22308,2,1,6.33701641699852,20403,30177,20403,7.27272727272727,22000,1.9e-06,30177
22331,2,0,3.45621843877931,41737,41751,20420,7.27272727272727,22000,1.9e-06,87839
22331,1,1,3.45621843877931,20420,87839,20420,3.63636363636364,22000,1e-06,87839
22331,2,0,3.45621843877931,46966,46970,20420,7.27272727272727,22000,1.9e-06,87839
22343,5,1,18.7004842188246,20428,30013,20428,18.1818181818182,22000,4.6e-06,30013
22357,6,1,22.0846689170306,20441,35649,20441,21.8181818181818,22000,5.5e-06,35649
22379,6,1,22.6172762695495,20461,32765,20461,21.8181818181818,22000,5.5e-06,32765
22419,1,1,4.31818241760046,20491,33424,20491,3.63636363636364,22000,1e-06,33424
22468,8,1,29.1930040620585,20527,30322,20527,29.0909090909091,22000,7.3e-06,30322
22498,7,1,25.1777738636758,20553,34415,20553,25.4545454545455,22000,6.4e-06,34415
22514,2,1,6.97798335175012,20565,30691,20565,7.27272727272727,22000,1.9e-06,30691
22538,1,1,3.5671234712485,20581,30575,20581,3.63636363636364,22000,1e-06,30575
22634,4,1,14.7603835022518,20646,35971,20646,14.5454545454545,22000,3.7e-06,35971
22664,7,1,25.3018654253595,20673,31284,20673,25.4545454545455,22000,6.4e-06,31284
22666,2,1,7.57069556862734,20675,32789,20675,7.27272727272727,22000,1.9e-06,32789
22705,2,1,7.80887993910768,20705,32155,20705,7.27272727272727,22000,1.9e-06,32155
22727,6,1,22.1669384210225,20717,33505,20717,21.8181818181818,22000,5.5e-06,33505
22729,4,1,14.3314116791042,20718,53787,20718,14.5454545454545,22000,3.7e-06,53787
22729,3,0,14.3314116791042,40463,40464,20718,10.9090909090909,22000,2.8e-06,53787
22822,3,0,14.5160348259654,24412,24418,20782,10.9090909090909,22000,2.8e-06,36698
22822,4,1,14.5160348259654,20782,36698,20782,14.5454545454545,22000,3.7e-06,36698
22824,2,1,7.86010156101958,20784,43621,20784,7.27272727272727,22000,1.9e-06,43621
22886,7,1,25.3632622510604,20828,36715,20828,25.4545454545455,22000,6.4e-06,36715
22887,5,1,18.282742515647,20829,37812,20829,18.1818181818182,22000,4.6e-06,37812
22919,1,1,4.84826194469871,20857,34598,20857,3.63636363636364,22000,1e-06,34598
22947,5,1,18.4583749938052,20867,33416,20867,18.1818181818182,22000,4.6e-06,33416
22979,1,1,2.4378784223866,20896,37398,20896,3.63636363636364,22000,1e-06,37398
22991,4,1,14.3889063225695,20901,31232,20901,14.5454545454545,22000,3.7e-06,31232
22993,3,1,11.4851822723994,20902,30468,20902,10.9090909090909,22000,2.8e-06,30468
23004,2,1,7.92961803193904,20913,32221,20913,7.27272727272727,22000,1.9e-06,32221
23023,5,1,18.2334603327725,20922,35072,20922,18.1818181818182,22000,4.6e-06,35072
23033,2,1,7.75362537280869,20927,49242,20927,7.27272727272727,22000,1.9e-06,49242
23033,3,0,7.75362537280869,31834,31877,20927,10.9090909090909,22000,2.8e-06,49242
23033,3,0,7.75362537280869,28054,28056,20927,10.9090909090909,22000,2.8e-06,49242
23053,1,1,4.46498040066503,20944,30546,20944,3.63636363636364,22000,1e-06,30546
23117,6,1,21.8357580632456,21002,46005,21002,21.8181818181818,22000,5.5e-06,46005
23167,4,1,14.763422337527,21036,32053,21036,14.5454545454545,22000,3.7e-06,32053
23169,1,1,4.07445091016339,21037,66212,21037,3.63636363636364,22000,1e-06,66212
23207,1,1,3.69425219145949,21066,50359,21066,3.63636363636364,22000,1e-06,50359
23225,2,1,7.29631120949774,21072,43807,21072,7.27272727272727,22000,1.9e-06,43807
23230,1,1,3.65490836886616,21078,59620,21078,3.63636363636364,22000,1e-06,59620
23253,4,1,14.2772192350012,21097,32832,21097,14.5454545454545,22000,3.7e-06,32832
23271,2,1,6.6913446109971,21108,34961,21108,7.27272727272727,22000,1.9e-06,34961
23306,3,1,11.0356682073194,21134,30507,21134,10.9090909090909,22000,2.8e-06,30507
23314,1,1,4.45841491752411,21141,41698,21141,3.63636363636364,22000,1e-06,41698
23322,9,1,33.6055512029936,21146,31316,21146,32.7272727272727,22000,8.2e-06,31316
23379,3,1,10.8886397354582,21182,42767,21182,10.9090909090909,22000,2.8e-06,42767
23395,4,1,14.7560427922273,21194,32474,21194,14.5454545454545,22000,3.7e-06,32474
23397,9,1,33.5134284322791,21194,31732,21194,32.7272727272727,22000,8.2e-06,31732
23400,1,1,2.95512416422212,21196,39708,21196,3.63636363636364,22000,1e-06,39708
23558,3,1,10.010307195589,21325,44513,21325,10.9090909090909,22000,2.8e-06,44513
23558,4,0,10.010307195589,29882,29884,21325,14.5454545454545,22000,3.7e-06,44513
23558,2,0,10.010307195589,42694,42743,21325,7.27272727272727,22000,1.9e-06,44513
23559,7,1,25.0733826953173,21325,32196,21325,25.4545454545455,22000,6.4e-06,32196
23591,3,1,10.9970734427395,21348,37307,21348,10.9090909090909,22000,2.8e-06,37307
23593,1,1,4.71687226167707,21349,38632,21349,3.63636363636364,22000,1e-06,38632
23596,10,1,35.6651582348507,21352,33456,21352,36.3636363636364,22000,9.1e-06,33456
23616,2,1,7.82921672350602,21370,31109,21370,7.27272727272727,22000,1.9e-06,31109
23635,1,1,4.2549531888749,21388,44460,21388,3.63636363636364,22000,1e-06,44460
23659,3,1,10.8398492916425,21403,47712,21403,10.9090909090909,22000,2.8e-06,47712
23660,7,1,25.2486704239507,21403,36100,21403,25.4545454545455,22000,6.4e-06,36100
23662,3,0,6.8423305575759,47223,47226,21405,10.9090909090909,22000,2.8e-06,49851
23662,2,1,6.8423305575759,21405,49851,21405,7.27272727272727,22000,1.9e-06,49851
23681,2,1,6.61859491719194,21422,36081,21422,7.27272727272727,22000,1.9e-06,36081
23690,4,1,14.5653506948235,21436,32163,21436,14.5454545454545,22000,3.7e-06,32163
23702,1,1,3.49342249608244,21446,56728,21446,3.63636363636364,22000,1e-06,56728
23739,6,1,21.5793926105544,21474,40564,21474,21.8181818181818,22000,5.5e-06,40564
23770,2,0,2.54517759141372,23062,23064,21500,7.27272727272727,22000,1.9e-06,33927
23770,1,1,2.54517759141372,21500,33927,21500,3.63636363636364,22000,1e-06,33927
23813,3,1,10.7437064990936,21530,35930,21530,10.9090909090909,22000,2.8e-06,35930
23822,5,1,18.4962158927913,21533,30605,21533,18.1818181818182,22000,4.6e-06,30605
23848,2,1,7.81195548340605,21555,37056,21555,7.27272727272727,22000,1.9e-06,37056
23856,6,1,22.5963669041814,21563,30761,21563,21.8181818181818,22000,5.5e-06,30761
23936,3,1,11.1307911180698,21635,44632,21635,10.9090909090909,22000,2.8e-06,44632
23940,8,1,28.9567684233008,21637,45121,21637,29.0909090909091,22000,7.3e-06,45121
23942,3,1,10.8724835022356,21638,35671,21638,10.9090909090909,22000,2.8e-06,35671
23942,4,0,10.8724835022356,29077,29078,21638,14.5454545454545,22000,3.7e-06,35671
23951,5,1,17.8883728306139,21642,38793,21642,18.1818181818182,22000,4.6e-06,38793
23956,2,1,7.712885856312,21643,31229,21643,7.27272727272727,22000,1.9e-06,31229
23996,7,1,25.7251834271898,21670,32159,21670,25.4545454545455,22000,6.4e-06,32159
24002,2,1,7.37455040851873,21674,33041,21674,7.27272727272727,22000,1.9e-06,33041
24010,4,1,13.7088635703531,21679,35436,21679,14.5454545454545,22000,3.7e-06,35436
24021,5,0,22.1301058652637,24271,24273,21685,18.1818181818182,22000,4.6e-06,44552
24021,6,1,22.1301058652637,21685,44552,21685,21.8181818181818,22000,5.5e-06,44552
24027,5,1,17.9769746103849,21689,31439,21689,18.1818181818182,22000,4.6e-06,31439
24061,4,1,13.8542508371155,21714,32787,21714,14.5454545454545,22000,3.7e-06,32787
24084,1,1,4.55881220900358,21732,31161,21732,3.63636363636364,22000,1e-06,31161
24090,2,1,7.74528439676575,21736,40716,21736,7.27272727272727,22000,1.9e-06,40716
24095,2,1,8.19083356821866,21740,31628,21740,7.27272727272727,22000,1.9e-06,31628
24107,6,1,22.3972720918061,21753,33558,21753,21.8181818181818,22000,5.5e-06,33558
24115,1,1,3.46645830138095,21761,35800,21761,3.63636363636364,22000,1e-06,35800
24125,6,1,21.5321033967879,21766,30308,21766,21.8181818181818,22000,5.5e-06,30308
24129,4,1,15.3884295674291,21769,30267,21769,14.5454545454545,22000,3.7e-06,30267
24140,3,1,10.0467501394603,21775,31668,21775,10.9090909090909,22000,2.8e-06,31668
24158,3,1,10.8027055507529,21789,54980,21789,10.9090909090909,22000,2.8e-06,54980
24166,6,1,21.2811990146882,21795,30516,21795,21.8181818181818,22000,5.5e-06,30516
24172,1,1,3.90275311543823,21801,45564,21801,3.63636363636364,22000,1e-06,45564
24192,3,1,10.4816901173869,21816,37133,21816,10.9090909090909,22000,2.8e-06,37133
24194,2,1,7.27160027405162,21819,30296,21819,7.27272727272727,22000,1.9e-06,30296
24208,4,1,14.5994050116998,21833,36182,21833,14.5454545454545,22000,3.7e-06,36182
24214,7,1,25.0112553369666,21838,30958,21838,25.4545454545455,22000,6.4e-06,30958
24235,1,1,2.53390800183563,21852,35436,21852,3.63636363636364,22000,1e-06,35436
24273,6,1,21.6380800153088,21887,30599,21887,21.8181818181818,22000,5.5e-06,30599
24274,1,1,3.71156935038836,21890,50608,21890,3.63636363636364,22000,1e-06,50608
24274,2,0,3.71156935038836,30062,30069,21890,7.27272727272727,22000,1.9e-06,50608
24280,6,1,21.9523001183945,21894,31098,21894,21.8181818181818,22000,5.5e-06,31098
24317,2,1,7.39678039221568,21926,58446,21926,7.27272727272727,22000,1.9e-06,58446
24331,7,1,25.3756873007604,21939,39762,21939,25.4545454545455,22000,6.4e-06,39762
24332,1,1,3.0107886676191,21940,31652,21940,3.63636363636364,22000,1e-06,31652
24362,1,1,3.43954159408651,21962,58113,21962,3.63636363636364,22000,1e-06,58113
24363,5,1,18.4100371968143,21962,30856,21962,18.1818181818182,22000,4.6e-06,30856
24376,6,1,21.9354844439336,21972,48931,21972,21.8181818181818,22000,5.5e-06,48931
24381,2,0,11.0329912839256,24374,24381,21976,7.27272727272727,22000,1.9e-06,36803
24381,3,1,11.0329912839256,21976,36803,21976,10.9090909090909,22000,2.8e-06,36803
24389,6,1,22.0772655143453,21983,30359,21983,21.8181818181818,22000,5.5e-06,30359
24408,5,1,18.2159297658409,21998,36418,21998,18.1818181818182,22000,4.6e-06,36418
24431,6,1,21.8228173683475,22012,32665,22012,21.8181818181818,22000,5.5e-06,32665
24431,7,0,21.8228173683475,28450,28457,22012,25.4545454545455,22000,6.4e-06,32665
24437,3,1,11.4243158900286,22015,35613,22015,10.9090909090909,22000,2.8e-06,35613
24448,5,1,18.2850524970653,22023,36613,22023,18.1818181818182,22000,4.6e-06,36613
24602,5,1,18.3737558273206,22132,33271,22132,18.1818181818182,22000,4.6e-06,33271
24608,6,1,21.4681938644363,22139,31038,22139,21.8181818181818,22000,5.5e-06,31038
24612,4,1,15.1477013882001,22141,34211,22141,14.5454545454545,22000,3.7e-06,34211
24613,5,1,17.6611119831089,22142,37408,22142,18.1818181818182,22000,4.6e-06,37408
24636,8,1,28.7286821636082,22161,30235,22161,29.0909090909091,22000,7.3e-06,30235
24643,7,1,25.0849567845531,22167,40381,22167,25.4545454545455,22000,6.4e-06,40381
24654,2,1,6.43113001143909,22176,33246,22176,7.27272727272727,22000,1.9e-06,33246
24684,6,1,21.6351656910943,22198,35888,22198,21.8181818181818,22000,5.5e-06,35888
24695,8,1,29.5987972050075,22203,31367,22203,29.0909090909091,22000,7.3e-06,31367
24703,6,1,22.1593207705168,22207,31808,22207,21.8181818181818,22000,5.5e-06,31808
24707,8,1,28.7819508178536,22208,31074,22208,29.0909090909091,22000,7.3e-06,31074
24759,5,1,17.8414150187793,22244,30428,22244,18.1818181818182,22000,4.6e-06,30428
24809,5,1,17.9550250371671,22285,36070,22285,18.1818181818182,22000,4.6e-06,36070
24844,1,1,2.40442167839718,22310,33566,22310,3.63636363636364,22000,1e-06,33566
24865,5,1,17.684686518815,22327,30842,22327,18.1818181818182,22000,4.6e-06,30842
24866,1,1,2.99186932856307,22328,47617,22328,3.63636363636364,22000,1e-06,47617
24873,2,1,6.78112452130362,22331,34995,22331,7.27272727272727,22000,1.9e-06,34995
24884,9,1,33.2632960038672,22339,36459,22339,32.7272727272727,22000,8.2e-06,36459
24901,5,1,17.7398303863248,22351,30543,22351,18.1818181818182,22000,4.6e-06,30543
24917,5,1,18.1948607716858,22361,30660,22361,18.1818181818182,22000,4.6e-06,30660
24924,7,1,25.3646250932975,22367,38278,22367,25.4545454545455,22000,6.4e-06,38278
24930,6,1,21.5682411267702,22372,31622,22372,21.8181818181818,22000,5.5e-06,31622
24950,10,1,36.3500227230681,22388,31649,22388,36.3636363636364,22000,9.1e-06,31649
25010,4,1,14.960744540885,22427,30051,22427,14.5454545454545,22000,3.7e-06,30051
25018,2,1,8.19564976775396,22433,39407,22433,7.27272727272727,22000,1.9e-06,39407
25027,5,1,17.3191269252704,22442,30842,22442,18.1818181818182,22000,4.6e-06,30842
25088,1,1,4.03264901134811,22490,41678,22490,3.63636363636364,22000,1e-06,41678
25094,5,1,17.7815564538557,22494,30908,22494,18.1818181818182,22000,4.6e-06,30908
25122,3,1,10.3826806286103,22517,30989,22517,10.9090909090909,22000,2.8e-06,30989
25162,1,1,4.36958557135457,22538,37374,22538,3.63636363636364,22000,1e-06,37374
25163,1,1,3.17544742226361,22538,36085,22538,3.63636363636364,22000,1e-06,36085
25188,3,1,10.8807203388826,22548,32856,22548,10.9090909090909,22000,2.8e-06,32856
25192,3,1,11.0131313904912,22551,30928,22551,10.9090909090909,22000,2.8e-06,30928
25203,4,1,14.5312833919799,22561,33097,22561,14.5454545454545,22000,3.7e-06,33097
25207,3,1,11.5076580935534,22566,31656,22566,10.9090909090909,22000,2.8e-06,31656
25228,2,1,8.05154705319728,22584,30289,22584,7.27272727272727,22000,1.9e-06,30289
25232,3,1,10.4446336743607,22586,31907,22586,10.9090909090909,22000,2.8e-06,31907
25238,1,1,3.9320970443709,22589,52754,22589,3.63636363636364,22000,1e-06,52754
25249,5,1,18.1662033392292,22595,33110,22595,18.1818181818182,22000,4.6e-06,33110
25278,4,1,13.4675037152165,22619,31642,22619,14.5454545454545,22000,3.7e-06,31642
25288,2,1,7.16558051927544,22627,31120,22627,7.27272727272727,22000,1.9e-06,31120
25294,8,1,28.6718917271239,22634,31278,22634,29.0909090909091,22000,7.3e-06,31278
25334,10,1,36.1205465520693,22664,35104,22664,36.3636363636364,22000,9.1e-06,35104
25356,6,1,22.0223581445217,22679,44423,22679,21.8181818181818,22000,5.5e-06,44423
25358,7,1,25.9807349866041,22679,31577,22679,25.4545454545455,22000,6.4e-06,31577
25359,6,1,21.4830074885272,22680,30361,22680,21.8181818181818,22000,5.5e-06,30361
25406,2,1,7.04906962017218,22721,41154,22721,7.27272727272727,22000,1.9e-06,41154
25431,3,1,11.0794164531879,22736,35380,22736,10.9090909090909,22000,2.8e-06,35380
25435,4,1,14.6829567546897,22739,30430,22739,14.5454545454545,22000,3.7e-06,30430
25478,2,1,6.80613200525464,22769,35943,22769,7.27272727272727,22000,1.9e-06,35943
25514,2,0,3.68134942746312,30678,30692,22796,7.27272727272727,22000,1.9e-06,70998
25514,1,1,3.68134942746312,22796,70998,22796,3.63636363636364,22000,1e-06,70998
25518,3,1,11.3737855084635,22802,34328,22802,10.9090909090909,22000,2.8e-06,34328
25522,9,1,33.4191103323181,22806,30956,22806,32.7272727272727,22000,8.2e-06,30956
25529,6,1,21.6975660470617,22812,35005,22812,21.8181818181818,22000,5.5e-06,35005
25552,2,1,7.90561722273294,22834,45449,22834,7.27272727272727,22000,1.9e-06,45449
25564,1,1,4.41824696931173,22843,40434,22843,3.63636363636364,22000,1e-06,40434
25573,2,1,6.12408873641905,22850,31868,22850,7.27272727272727,22000,1.9e-06,31868
25577,10,1,36.3981335892876,22854,30382,22854,36.3636363636364,22000,9.1e-06,30382
25605,1,1,4.02688901435849,22880,37890,22880,3.63636363636364,22000,1e-06,37890
25622,3,1,11.3423113815362,22897,35985,22897,10.9090909090909,22000,2.8e-06,35985
25639,9,1,32.4459179906932,22910,36492,22910,32.7272727272727,22000,8.2e-06,36492
25643,1,1,3.14679961903148,22918,90338,22918,3.63636363636364,22000,1e-06,90338
25658,1,1,2.32565312266406,22928,38233,22928,3.63636363636364,22000,1e-06,38233
25670,8,1,29.3529075951832,22935,30952,22935,29.0909090909091,22000,7.3e-06,30952
25683,2,1,7.45556227829658,22950,44420,22950,7.27272727272727,22000,1.9e-06,44420
25687,1,1,3.81154333156314,22952,34330,22952,3.63636363636364,22000,1e-06,34330
25730,5,1,18.8209515419287,22980,30243,22980,18.1818181818182,22000,4.6e-06,30243
25761,5,1,18.2861549895484,23009,30114,23009,18.1818181818182,22000,4.6e-06,30114
25763,10,1,36.1327767129411,23013,30288,23013,36.3636363636364,22000,9.1e-06,30288
25770,1,1,3.08726917346333,23017,40260,23017,3.63636363636364,22000,1e-06,40260
25774,7,1,24.9177405022249,23019,30417,23019,25.4545454545455,22000,6.4e-06,30417
25801,3,1,11.2593124210838,23038,32364,23038,10.9090909090909,22000,2.8e-06,32364
25808,3,1,11.5551859773761,23050,34266,23050,10.9090909090909,22000,2.8e-06,34266
25813,6,1,21.9847279111634,23054,32176,23054,21.8181818181818,22000,5.5e-06,32176
25843,9,1,33.403682502043,23079,30948,23079,32.7272727272727,22000,8.2e-06,30948
25861,8,1,28.5791000332265,23089,34197,23089,29.0909090909091,22000,7.3e-06,34197
25862,9,1,33.1393377697336,23089,31414,23089,32.7272727272727,22000,8.2e-06,31414
25868,10,1,36.0038432492402,23096,30952,23096,36.3636363636364,22000,9.1e-06,30952
25879,9,1,32.3209945307106,23100,31431,23100,32.7272727272727,22000,8.2e-06,31431
25882,6,1,21.1207002808253,23104,31950,23104,21.8181818181818,22000,5.5e-06,31950
25883,5,1,18.3812616302579,23106,33101,23106,18.1818181818182,22000,4.6e-06,33101
25929,7,1,25.4464070831084,23140,31554,23140,25.4545454545455,22000,6.4e-06,31554
25936,4,1,13.8268285417127,23145,33567,23145,14.5454545454545,22000,3.7e-06,33567
25954,8,1,30.0492478561431,23156,30607,23156,29.0909090909091,22000,7.3e-06,30607
25968,10,1,36.6114879212319,23162,31837,23162,36.3636363636364,22000,9.1e-06,31837
26001,6,1,22.4921253811146,23187,30795,23187,21.8181818181818,22000,5.5e-06,30795
26015,9,1,33.1811337178027,23197,30792,23197,32.7272727272727,22000,8.2e-06,30792
26019,9,1,32.8620954442038,23199,30604,23199,32.7272727272727,22000,8.2e-06,30604
26034,8,1,29.1543429019683,23212,30862,23212,29.0909090909091,22000,7.3e-06,30862
26049,10,1,35.6146364636208,23223,30719,23223,36.3636363636364,22000,9.1e-06,30719
26064,5,1,18.171859929167,23231,31781,23231,18.1818181818182,22000,4.6e-06,31781
26064,4,0,18.171859929167,27210,27214,23231,14.5454545454545,22000,3.7e-06,31781
26069,7,1,25.6462818100315,23235,32174,23235,25.4545454545455,22000,6.4e-06,32174
26072,2,1,6.72202561140112,23236,39435,23236,7.27272727272727,22000,1.9e-06,39435
26080,2,1,7.59074041480617,23241,37420,23241,7.27272727272727,22000,1.9e-06,37420
26081,1,1,4.21965047213165,23242,31455,23242,3.63636363636364,22000,1e-06,31455
26084,2,1,7.41564768328289,23243,31674,23243,7.27272727272727,22000,1.9e-06,31674
26086,7,1,25.5779557036548,23244,30932,23244,25.4545454545455,22000,6.4e-06,30932
26101,9,1,33.6538339499896,23255,34322,23255,32.7272727272727,22000,8.2e-06,34322
26102,1,1,2.52302426243089,23256,34531,23256,3.63636363636364,22000,1e-06,34531
26117,1,1,3.33908294328953,23266,52761,23266,3.63636363636364,22000,1e-06,52761
26137,3,1,10.9315361920826,23286,35456,23286,10.9090909090909,22000,2.8e-06,35456
26142,3,1,9.98007216564937,23290,38312,23290,10.9090909090909,22000,2.8e-06,38312
26160,10,1,36.3335819870468,23301,30622,23301,36.3636363636364,22000,9.1e-06,30622
26173,4,1,14.5356353302996,23314,36563,23314,14.5454545454545,22000,3.7e-06,36563
26187,4,1,14.9710790559428,23322,30961,23322,14.5454545454545,22000,3.7e-06,30961
26193,6,1,22.0116149424633,23324,33310,23324,21.8181818181818,22000,5.5e-06,33310
26200,3,1,11.4361300332339,23327,36135,23327,10.9090909090909,22000,2.8e-06,36135
26202,7,1,25.9616037186426,23328,32992,23328,25.4545454545455,22000,6.4e-06,32992
26202,8,0,25.9616037186426,24594,24619,23328,29.0909090909091,22000,7.3e-06,32992
26210,1,1,4.69737691121273,23332,30297,23332,3.63636363636364,22000,1e-06,30297
26215,5,1,18.0408090606415,23335,33185,23335,18.1818181818182,22000,4.6e-06,33185
26224,4,1,14.0420239264069,23340,34930,23340,14.5454545454545,22000,3.7e-06,34930
26262,9,1,32.7474592337327,23362,33865,23362,32.7272727272727,22000,8.2e-06,33865
26262,8,0,32.7474592337327,33839,33840,23362,29.0909090909091,22000,7.3e-06,33865
26263,5,1,18.5669344962643,23364,39635,23364,18.1818181818182,22000,4.6e-06,39635
26273,5,1,18.8764306998185,23369,32184,23369,18.1818181818182,22000,4.6e-06,32184
26279,4,1,14.8594811348096,23375,33076,23375,14.5454545454545,22000,3.7e-06,33076
26283,4,1,14.7192834642398,23378,44534,23378,14.5454545454545,22000,3.7e-06,44534
26285,1,0,6.90501964354257,29754,29796,23380,3.63636363636364,22000,1e-06,38187
26285,2,1,6.90501964354257,23380,38187,23380,7.27272727272727,22000,1.9e-06,38187
26287,9,1,32.9583548884302,23380,30813,23380,32.7272727272727,22000,8.2e-06,30813
26292,6,1,22.5629038302879,23384,30927,23384,21.8181818181818,22000,5.5e-06,30927
26296,3,1,11.0149047500129,23389,38321,23389,10.9090909090909,22000,2.8e-06,38321
26303,7,1,25.4755872033463,23393,31088,23393,25.4545454545455,22000,6.4e-06,31088
26317,8,0,25.5786850441835,28697,28698,23401,29.0909090909091,22000,7.3e-06,34202
26317,7,1,25.5786850441835,23401,34202,23401,25.4545454545455,22000,6.4e-06,34202
26325,2,1,7.90851391379471,23406,36852,23406,7.27272727272727,22000,1.9e-06,36852
26336,1,1,2.72140551694924,23411,33486,23411,3.63636363636364,22000,1e-06,33486
26363,3,1,10.6193335165585,23430,40383,23430,10.9090909090909,22000,2.8e-06,40383
26403,3,1,9.89027914593261,23464,30459,23464,10.9090909090909,22000,2.8e-06,30459
26408,4,1,14.845784622244,23468,37043,23468,14.5454545454545,22000,3.7e-06,37043
26425,1,1,3.5515972874564,23481,45034,23481,3.63636363636364,22000,1e-06,45034
26426,7,1,25.8548674435225,23482,33148,23482,25.4545454545455,22000,6.4e-06,33148
26433,1,1,2.72179439016359,23487,34709,23487,3.63636363636364,22000,1e-06,34709
26492,7,1,25.6818877915423,23527,34930,23527,25.4545454545455,22000,6.4e-06,34930
26507,5,1,17.8485115303883,23543,32280,23543,18.1818181818182,22000,4.6e-06,32280
26513,8,1,29.1906841412919,23545,34710,23545,29.0909090909091,22000,7.3e-06,34710
26524,2,1,6.56743602258949,23553,45855,23553,7.27272727272727,22000,1.9e-06,45855
26527,5,1,17.4480533711244,23553,40385,23553,18.1818181818182,22000,4.6e-06,40385
26533,3,1,10.2079479844735,23556,31285,23556,10.9090909090909,22000,2.8e-06,31285
26554,5,1,17.9872075505747,23573,42018,23573,18.1818181818182,22000,4.6e-06,42018
26560,2,0,3.17880378988514,53704,53710,23580,7.27272727272727,22000,1.9e-06,60282
26560,1,1,3.17880378988514,23580,60282,23580,3.63636363636364,22000,1e-06,60282
26571,5,1,18.6825076648383,23585,37125,23585,18.1818181818182,22000,4.6e-06,37125
26603,2,1,8.14886531005776,23614,34312,23614,7.27272727272727,22000,1.9e-06,34312
26609,1,1,4.23023411101452,23616,93041,23616,3.63636363636364,22000,1e-06,93041
26630,1,1,4.09010158930461,23632,52934,23632,3.63636363636364,22000,1e-06,52934
26640,6,1,21.028208759865,23637,31146,23637,21.8181818181818,22000,5.5e-06,31146
26643,3,1,11.3562910854352,23638,34726,23638,10.9090909090909,22000,2.8e-06,34726
26656,2,1,6.90590037557747,23652,32679,23652,7.27272727272727,22000,1.9e-06,32679
26682,6,1,22.3798549388034,23672,32191,23672,21.8181818181818,22000,5.5e-06,32191
26693,8,1,28.5987183681383,23681,30025,23681,29.0909090909091,22000,7.3e-06,30025
26694,2,1,7.37504717513058,23682,47776,23682,7.27272727272727,22000,1.9e-06,47776
26705,10,1,35.8523664421842,23694,30396,23694,36.3636363636364,22000,9.1e-06,30396
26714,7,1,25.593681616053,23702,33405,23702,25.4545454545455,22000,6.4e-06,33405
26719,4,1,15.0028802025847,23705,36384,23705,14.5454545454545,22000,3.7e-06,36384
26728,4,1,13.8495092182674,23714,32012,23714,14.5454545454545,22000,3.7e-06,32012
26732,2,1,8.18435569779127,23717,36774,23717,7.27272727272727,22000,1.9e-06,36774
26744,4,1,14.7690231916765,23727,41262,23727,14.5454545454545,22000,3.7e-06,41262
26780,8,1,29.0949054392613,23752,35229,23752,29.0909090909091,22000,7.3e-06,35229
26782,8,1,28.9220582119947,23753,33650,23753,29.0909090909091,22000,7.3e-06,33650
26800,5,1,19.0278101740938,23769,36524,23769,18.1818181818182,22000,4.6e-06,36524
26811,6,1,22.2012486662857,23775,32606,23775,21.8181818181818,22000,5.5e-06,32606
26823,9,1,32.8463731754557,23783,31086,23783,32.7272727272727,22000,8.2e-06,31086
26848,5,1,17.3869614574404,23799,33660,23799,18.1818181818182,22000,4.6e-06,33660
26874,2,1,6.98617354070073,23816,36934,23816,7.27272727272727,22000,1.9e-06,36934
26877,4,1,13.2641930514465,23817,30532,23817,14.5454545454545,22000,3.7e-06,30532
26898,2,1,7.29190115440512,23834,33156,23834,7.27272727272727,22000,1.9e-06,33156
26905,2,1,7.82427403768215,23840,60457,23840,7.27272727272727,22000,1.9e-06,60457
26911,4,1,14.2079413076469,23846,31889,23846,14.5454545454545,22000,3.7e-06,31889
26914,10,1,36.126087632137,23847,30240,23847,36.3636363636364,22000,9.1e-06,30240
26915,1,1,3.96088895723596,23848,81146,23848,3.63636363636364,22000,1e-06,81146
26919,3,1,12.144659952431,23851,36809,23851,10.9090909090909,22000,2.8e-06,36809
26921,3,1,11.0848394854994,23853,33720,23853,10.9090909090909,22000,2.8e-06,33720
26943,4,1,15.2486484480103,23874,32042,23874,14.5454545454545,22000,3.7e-06,32042
26945,6,1,21.7687710248698,23874,30663,23874,21.8181818181818,22000,5.5e-06,30663
26949,6,1,22.615043939714,23877,31867,23877,21.8181818181818,22000,5.5e-06,31867
26958,10,1,36.1303184705407,23881,33834,23881,36.3636363636364,22000,9.1e-06,33834
26993,2,1,7.56568816027801,23911,46808,23911,7.27272727272727,22000,1.9e-06,46808
26999,1,1,3.93383935830769,23918,46340,23918,3.63636363636364,22000,1e-06,46340
27024,7,1,25.5516915284723,23934,31783,23934,25.4545454545455,22000,6.4e-06,31783
27053,6,1,21.2269327649831,23958,32822,23958,21.8181818181818,22000,5.5e-06,32822
27054,8,1,28.2821014102822,23960,32753,23960,29.0909090909091,22000,7.3e-06,32753
27054,7,0,28.2821014102822,26856,26911,23960,25.4545454545455,22000,6.4e-06,32753
27058,4,1,14.6272748081357,23964,30020,23964,14.5454545454545,22000,3.7e-06,30020
27077,3,1,10.6074922003887,23979,30920,23979,10.9090909090909,22000,2.8e-06,30920
27092,8,1,28.8211368182344,23992,31671,23992,29.0909090909091,22000,7.3e-06,31671
27093,8,1,29.3365204393707,23992,40621,23992,29.0909090909091,22000,7.3e-06,40621
27095,1,1,2.8767423937671,23994,43386,23994,3.63636363636364,22000,1e-06,77020
27113,1,1,4.85727276330411,24008,31560,24008,3.63636363636364,22000,1e-06,31560
27142,8,1,28.2325772101343,24024,31017,24024,29.0909090909091,22000,7.3e-06,31017
27183,4,0,11.4905234326693,31569,31570,24055,14.5454545454545,22000,3.7e-06,33007
27183,3,1,11.4905234326693,24055,33007,24055,10.9090909090909,22000,2.8e-06,33007
27199,8,1,29.3604903544512,24067,36222,24067,29.0909090909091,22000,7.3e-06,36222
27204,9,1,33.5744474432538,24070,30713,24070,32.7272727272727,22000,8.2e-06,30713
27212,1,1,4.08548111345546,24077,61492,24077,3.63636363636364,22000,1e-06,61492
27242,5,1,17.1167808647754,24103,30004,24103,18.1818181818182,22000,4.6e-06,30004
27244,9,1,32.7422156479936,24103,31577,24103,32.7272727272727,22000,8.2e-06,31577
27259,2,1,8.31000227426984,24122,37708,24122,7.27272727272727,22000,1.9e-06,37708
27261,5,1,18.3306414624616,24123,31825,24123,18.1818181818182,22000,4.6e-06,31825
27262,8,1,28.1640759584425,24123,30254,24123,29.0909090909091,22000,7.3e-06,30254
27266,10,1,35.8365537514631,24125,30286,24125,36.3636363636364,22000,9.1e-06,30286
27266,9,0,35.8365537514631,26398,26433,24125,32.7272727272727,22000,8.2e-06,30286
27269,1,1,3.81056598133921,24128,58142,24128,3.63636363636364,22000,1e-06,58142
27271,9,1,32.4038542346649,24129,32389,24129,32.7272727272727,22000,8.2e-06,32389
27277,5,1,18.5529899008935,24135,33546,24135,18.1818181818182,22000,4.6e-06,33546
27279,6,1,21.0668761577687,24136,32112,24136,21.8181818181818,22000,5.5e-06,32112
27285,8,1,29.0358497518859,24147,37842,24147,29.0909090909091,22000,7.3e-06,37842
27298,8,1,29.8827350588335,24163,32329,24163,29.0909090909091,22000,7.3e-06,32329
27304,2,1,7.2706027953556,24169,46926,24169,7.27272727272727,22000,1.9e-06,46926
27305,8,1,29.7620261786459,24171,34578,24171,29.0909090909091,22000,7.3e-06,34578
27327,9,1,33.1805519432991,24188,31553,24188,32.7272727272727,22000,8.2e-06,31553
27343,9,1,32.7769647592458,24205,30517,24205,32.7272727272727,22000,8.2e-06,30517
27353,10,1,35.9942931793099,24213,30549,24213,36.3636363636364,22000,9.1e-06,30549
27362,4,1,14.468299257995,24217,31544,24217,14.5454545454545,22000,3.7e-06,31544
27367,10,1,36.1394607162225,24221,31276,24221,36.3636363636364,22000,9.1e-06,31276
27368,5,1,17.5519275117289,24223,30563,24223,18.1818181818182,22000,4.6e-06,30563
27368,4,0,17.5519275117289,26697,26719,24223,14.5454545454545,22000,3.7e-06,30563
27374,3,1,10.9655730572833,24226,36781,24226,10.9090909090909,22000,2.8e-06,36781
27380,8,1,28.7616538064227,24229,31286,24229,29.0909090909091,22000,7.3e-06,31286
27383,3,1,11.3430078355248,24231,33444,24231,10.9090909090909,22000,2.8e-06,33444
27386,5,1,18.0515005720168,24232,35511,24232,18.1818181818182,22000,4.6e-06,35511
27387,7,1,25.2291734641536,24232,38864,24232,25.4545454545455,22000,6.4e-06,38864
27388,2,1,7.26342567302787,24233,33472,24233,7.27272727272727,22000,1.9e-06,33472
27411,4,1,14.2547647609624,24255,38414,24255,14.5454545454545,22000,3.7e-06,38414
27422,4,1,15.0234253354529,24267,31545,24267,14.5454545454545,22000,3.7e-06,31545
27439,10,1,35.9488228708328,24283,32337,24283,36.3636363636364,22000,9.1e-06,32337
27443,8,1,28.9825122922508,24288,32368,24288,29.0909090909091,22000,7.3e-06,32368
27450,6,1,21.8658551341293,24292,30085,24292,21.8181818181818,22000,5.5e-06,30085
27458,8,1,28.7471477582895,24300,32822,24300,29.0909090909091,22000,7.3e-06,32822
27477,4,1,13.8285790657613,24312,30365,24312,14.5454545454545,22000,3.7e-06,30365
27489,5,1,18.4156972299942,24322,33031,24322,18.1818181818182,22000,4.6e-06,33031
27498,8,1,29.9660247037261,24329,31007,24329,29.0909090909091,22000,7.3e-06,31007
27510,6,1,21.5481433229506,24335,32589,24335,21.8181818181818,22000,5.5e-06,32589
27513,7,1,25.3375134170905,24339,33799,24339,25.4545454545455,22000,6.4e-06,33799
27523,3,1,10.6365058374526,24343,30167,24343,10.9090909090909,22000,2.8e-06,30167
27527,1,1,4.18098143638143,24347,34122,24347,3.63636363636364,22000,1e-06,34122
27530,10,1,36.3643288478146,24347,35407,24347,36.3636363636364,22000,9.1e-06,35407
27535,9,1,32.5981526003486,24352,35508,24352,32.7272727272727,22000,8.2e-06,35508
27550,2,1,7.82263706558831,24365,35139,24365,7.27272727272727,22000,1.9e-06,35139
27551,1,1,4.47111138262242,24366,38213,24366,3.63636363636364,22000,1e-06,38213
27568,5,1,18.1097042577976,24380,35174,24380,18.1818181818182,22000,4.6e-06,35174
27584,7,1,25.4434382979336,24391,31708,24391,25.4545454545455,22000,6.4e-06,31708
27597,4,1,13.950616598523,24400,33126,24400,14.5454545454545,22000,3.7e-06,33126
27629,9,1,32.9790720427323,24423,34089,24423,32.7272727272727,22000,8.2e-06,34089
27630,6,1,21.3409516302321,24424,30499,24424,21.8181818181818,22000,5.5e-06,30499
27655,1,1,3.42959606132376,24442,38064,24442,3.63636363636364,22000,1e-06,38064
27659,5,1,18.3049984632539,24444,32135,24444,18.1818181818182,22000,4.6e-06,32135
27676,1,1,4.3852597543625,24457,34579,24457,3.63636363636364,22000,1e-06,34579
27689,9,1,33.1534132596908,24466,34587,24466,32.7272727272727,22000,8.2e-06,34587
27694,9,1,32.48837709146,24469,30043,24469,32.7272727272727,22000,8.2e-06,30043
27698,8,1,29.3218522612671,24471,41146,24471,29.0909090909091,22000,7.3e-06,41146
27703,7,1,25.282482986341,24473,30511,24473,25.4545454545455,22000,6.4e-06,30511
27714,5,1,17.5404881450567,24479,30138,24479,18.1818181818182,22000,4.6e-06,30138
27715,6,1,21.1461981794799,24479,36344,24479,21.8181818181818,22000,5.5e-06,36344
27719,5,1,17.6062730631355,24483,30879,24483,18.1818181818182,22000,4.6e-06,30879
27721,6,1,21.9648009310779,24484,32911,24484,21.8181818181818,22000,5.5e-06,32911
27729,3,1,10.7719590797273,24489,34595,24489,10.9090909090909,22000,2.8e-06,34595
27731,2,1,8.3489837398364,24492,40258,24492,7.27272727272727,22000,1.9e-06,40258
27780,1,1,2.51746693502465,24539,31362,24539,3.63636363636364,22000,1e-06,31362
27832,8,1,29.3071228876368,24583,36241,24583,29.0909090909091,22000,7.3e-06,36241
27834,5,1,18.2231682733323,24587,30733,24587,18.1818181818182,22000,4.6e-06,30733
27837,5,1,18.6517762709041,24589,31179,24589,18.1818181818182,22000,4.6e-06,31179
27851,1,1,2.99449256165706,24598,32499,24598,3.63636363636364,22000,1e-06,32499
27870,1,1,2.60642295073246,24614,32323,24614,3.63636363636364,22000,1e-06,32323
27879,8,1,29.2649720122122,24618,32442,24618,29.0909090909091,22000,7.3e-06,32442
27892,2,1,7.78523806459974,24637,39193,24637,7.27272727272727,22000,1.9e-06,39193
27893,6,1,21.9557428932183,24637,34256,24637,21.8181818181818,22000,5.5e-06,34256
27901,4,1,13.7141013616646,24647,43414,24647,14.5454545454545,22000,3.7e-06,43414
27918,6,1,22.5713085575371,24660,32028,24660,21.8181818181818,22000,5.5e-06,32028
27926,3,1,11.1108963722874,24664,35449,24664,10.9090909090909,22000,2.8e-06,35449
27928,9,1,32.9840000680487,24667,32841,24667,32.7272727272727,22000,8.2e-06,32841
27934,4,1,14.0401971553401,24671,32275,24671,14.5454545454545,22000,3.7e-06,32275
27939,10,1,36.7137323600803,24674,30713,24674,36.3636363636364,22000,9.1e-06,30713
27942,8,1,28.0968402778558,24675,30823,24675,29.0909090909091,22000,7.3e-06,30823
27948,6,1,21.7392667288839,24681,30329,24681,21.8181818181818,22000,5.5e-06,30329
27963,3,1,10.0541009034019,24694,30656,24694,10.9090909090909,22000,2.8e-06,30656
27964,7,0,28.4360368786752,28428,28432,24694,25.4545454545455,22000,6.4e-06,34652
27964,8,1,28.4360368786752,24694,34652,24694,29.0909090909091,22000,7.3e-06,34652
27979,9,1,33.1299244517938,24708,38410,24708,32.7272727272727,22000,8.2e-06,38410
27983,7,1,25.4177965372791,24712,35083,24712,25.4545454545455,22000,6.4e-06,35083
28004,2,1,7.07765352000202,24724,38478,24724,7.27272727272727,22000,1.9e-06,38478
28009,3,1,10.3190809092397,24726,30514,24726,10.9090909090909,22000,2.8e-06,30514
28039,4,1,14.8448351764216,24749,40352,24749,14.5454545454545,22000,3.7e-06,40352
28075,1,1,4.4162249184281,24775,34056,24775,3.63636363636364,22000,1e-06,34056
28082,4,1,14.8860592073367,24780,41043,24780,14.5454545454545,22000,3.7e-06,41043
28102,5,1,17.6935779844097,24794,30293,24794,18.1818181818182,22000,4.6e-06,30293
28111,4,1,14.0518857861714,24801,42593,24801,14.5454545454545,22000,3.7e-06,42593
28114,6,1,21.8448201234878,24803,33717,24803,21.8181818181818,22000,5.5e-06,33717
28116,10,1,35.5901006702947,24804,33322,24804,36.3636363636364,22000,9.1e-06,33322
28116,9,0,35.5901006702947,29476,29508,24804,32.7272727272727,22000,8.2e-06,33322
28125,8,1,28.9807827391199,24813,30170,24813,29.0909090909091,22000,7.3e-06,30170
28126,9,1,33.0781979289895,24813,34827,24813,32.7272727272727,22000,8.2e-06,34827
28128,9,1,32.6449824048829,24814,35195,24814,32.7272727272727,22000,8.2e-06,35195
28130,8,1,28.6251967254832,24817,31867,24817,29.0909090909091,22000,7.3e-06,31867
28130,7,0,28.6251967254832,31696,31716,24817,25.4545454545455,22000,6.4e-06,31867
28133,5,1,18.5336346469513,24818,31624,24818,18.1818181818182,22000,4.6e-06,31624
28157,9,0,36.3173194529197,37491,37495,24835,32.7272727272727,22000,8.2e-06,39178
28157,10,1,36.3173194529197,24835,39178,24835,36.3636363636364,22000,9.1e-06,39178
28162,2,1,6.62206769590992,24842,38903,24842,7.27272727272727,22000,1.9e-06,38903
28174,7,1,25.1414200852912,24849,36381,24849,25.4545454545455,22000,6.4e-06,36381
28184,6,1,21.3538760531171,24858,30337,24858,21.8181818181818,22000,5.5e-06,30337
28187,4,1,13.5774930631782,24860,31358,24860,14.5454545454545,22000,3.7e-06,31358
28204,9,1,32.5786463210123,24875,30363,24875,32.7272727272727,22000,8.2e-06,30363
28213,1,1,3.21771694970524,24883,36142,24883,3.63636363636364,22000,1e-06,36142
28224,9,1,32.6224484411954,24888,32605,24888,32.7272727272727,22000,8.2e-06,32605
28228,7,1,25.395485523455,24893,33232,24893,25.4545454545455,22000,6.4e-06,33232
28232,9,1,33.1318631153259,24896,36015,24896,32.7272727272727,22000,8.2e-06,36015
28255,5,1,18.8021397162161,24915,31794,24915,18.1818181818182,22000,4.6e-06,31794
28257,5,0,13.8978778920897,25566,25568,24918,18.1818181818182,22000,4.6e-06,31371
28257,4,1,13.8978778920897,24918,31371,24918,14.5454545454545,22000,3.7e-06,31371
28258,4,1,14.9065912752666,24920,40481,24920,14.5454545454545,22000,3.7e-06,40481
28265,4,1,15.5378516621895,24925,30310,24925,14.5454545454545,22000,3.7e-06,30310
28273,7,1,25.0266825435669,24932,33483,24932,25.4545454545455,22000,6.4e-06,33483
28286,5,1,18.1999155946177,24943,31719,24943,18.1818181818182,22000,4.6e-06,31719
28293,2,1,7.62909393414532,24949,31112,24949,7.27272727272727,22000,1.9e-06,31112
28294,6,1,21.6249174758491,24949,32112,24949,21.8181818181818,22000,5.5e-06,32112
28297,9,1,32.0561572866785,24950,31245,24950,32.7272727272727,22000,8.2e-06,31245
28312,3,1,10.5831071771225,24964,38194,24964,10.9090909090909,22000,2.8e-06,38194
28316,7,1,25.4380297003596,24966,35251,24966,25.4545454545455,22000,6.4e-06,35251
28322,2,1,7.67760108863157,24971,42784,24971,7.27272727272727,22000,1.9e-06,42784
28343,6,1,21.3369189457021,24985,32245,24985,21.8181818181818,22000,5.5e-06,32245
28348,1,1,4.53361467116788,24989,32197,24989,3.63636363636364,22000,1e-06,32197
28354,8,1,28.7214944310089,24992,32615,24992,29.0909090909091,22000,7.3e-06,32615
28367,1,1,4.02308982122312,25002,36138,25002,3.63636363636364,22000,1e-06,36138
28385,4,1,14.9927573870161,25020,36075,25020,14.5454545454545,22000,3.7e-06,36075
28399,8,1,29.0247374755147,25031,30249,25031,29.0909090909091,22000,7.3e-06,30249
28425,3,1,11.0219997990922,25053,42910,25053,10.9090909090909,22000,2.8e-06,42910
28425,2,0,11.0219997990922,31462,31466,25053,7.27272727272727,22000,1.9e-06,42910
28426,8,1,29.6296780782218,25053,30009,25053,29.0909090909091,22000,7.3e-06,30009
28429,9,1,32.5021098623564,25054,32076,25054,32.7272727272727,22000,8.2e-06,32076
28432,7,1,25.9369404924632,25057,31699,25057,25.4545454545455,22000,6.4e-06,31699
28435,2,1,7.5146743662313,25059,49462,25059,7.27272727272727,22000,1.9e-06,49462
28436,8,0,25.9159809419385,29147,29155,25059,29.0909090909091,22000,7.3e-06,30828
28436,7,1,25.9159809419385,25059,30828,25059,25.4545454545455,22000,6.4e-06,30828
28439,6,1,22.2589131171743,25060,37228,25060,21.8181818181818,22000,5.5e-06,37228
28442,5,1,18.1132364106505,25063,37057,25063,18.1818181818182,22000,4.6e-06,37057
28458,8,1,29.8836108411701,25070,33048,25070,29.0909090909091,22000,7.3e-06,33048
28459,9,1,32.5040197233221,25073,32601,25073,32.7272727272727,22000,8.2e-06,32601
28463,9,1,32.7279193344816,25076,30702,25076,32.7272727272727,22000,8.2e-06,30702
28470,7,1,25.6524997485357,25082,45432,25082,25.4545454545455,22000,6.4e-06,45432
28470,6,0,25.6524997485357,43852,43855,25082,21.8181818181818,22000,5.5e-06,45432
28490,2,1,7.88197202560292,25101,42474,25101,7.27272727272727,22000,1.9e-06,42474
28513,4,1,15.2346436475633,25114,30563,25114,14.5454545454545,22000,3.7e-06,30563
28516,4,1,14.1474953078161,25116,41217,25116,14.5454545454545,22000,3.7e-06,41217
28533,3,1,10.3996347679578,25126,33009,25126,10.9090909090909,22000,2.8e-06,33009
28551,10,1,36.3414232155664,25139,32261,25139,36.3636363636364,22000,9.1e-06,32261
28566,1,1,4.5702420212432,25149,37602,25149,3.63636363636364,22000,1e-06,37602
28577,4,1,14.123428897152,25160,34680,25160,14.5454545454545,22000,3.7e-06,34680
28579,8,1,28.9263026076415,25160,30348,25160,29.0909090909091,22000,7.3e-06,30348
28600,4,1,13.8736976577008,25179,30062,25179,14.5454545454545,22000,3.7e-06,30062
28606,5,1,17.849935485463,25184,38282,25184,18.1818181818182,22000,4.6e-06,38282
28622,5,1,17.6603355893221,25196,30549,25196,18.1818181818182,22000,4.6e-06,30549
28623,6,0,18.6513359390383,39163,39179,25196,21.8181818181818,22000,5.5e-06,39731
28623,5,1,18.6513359390383,25196,39731,25196,18.1818181818182,22000,4.6e-06,39731
28626,9,1,33.1859672179822,25197,30068,25197,32.7272727272727,22000,8.2e-06,30068
28643,7,1,25.3567223748211,25212,31302,25212,25.4545454545455,22000,6.4e-06,31302
28649,10,1,35.6841688548221,25218,32302,25218,36.3636363636364,22000,9.1e-06,32302
28655,5,1,18.9809771780862,25222,34455,25222,18.1818181818182,22000,4.6e-06,34455
28660,6,1,22.5873876688545,25223,31908,25223,21.8181818181818,22000,5.5e-06,31908
28661,5,1,17.3418071576413,25224,31899,25224,18.1818181818182,22000,4.6e-06,31899
28670,7,1,24.7671062995742,25233,32281,25233,25.4545454545455,22000,6.4e-06,32281
28671,8,1,29.1806261591518,25233,31319,25233,29.0909090909091,22000,7.3e-06,31319
28693,1,1,4.19607869060995,25244,37659,25244,3.63636363636364,22000,1e-06,37659
28697,5,1,17.5217108170886,25248,30814,25248,18.1818181818182,22000,4.6e-06,30814
28707,3,1,11.512124761384,25263,35945,25263,10.9090909090909,22000,2.8e-06,35945
28709,2,1,7.0970163029168,25264,52652,25264,7.27272727272727,22000,1.9e-06,52652
28715,7,1,24.7582039099822,25267,31569,25267,25.4545454545455,22000,6.4e-06,31569
28723,10,1,36.9141394334868,25273,31150,25273,36.3636363636364,22000,9.1e-06,31150
28725,3,1,10.0624979733674,25276,38116,25276,10.9090909090909,22000,2.8e-06,38116
28725,2,0,10.0624979733674,28635,28747,25276,7.27272727272727,22000,1.9e-06,38116
28732,5,1,17.7605114546131,25280,31178,25280,18.1818181818182,22000,4.6e-06,31178
28734,4,1,14.7937888302095,25281,37414,25281,14.5454545454545,22000,3.7e-06,37414
28738,2,1,7.47821954560754,25283,38545,25283,7.27272727272727,22000,1.9e-06,38545
28742,9,1,31.9434768782926,25287,31736,25287,32.7272727272727,22000,8.2e-06,31736
28758,2,1,8.46554675718639,25298,30001,25298,7.27272727272727,22000,1.9e-06,30001
28763,3,1,10.0001821404986,25303,30325,25303,10.9090909090909,22000,2.8e-06,30325
28764,4,1,15.1235627127775,25303,30014,25303,14.5454545454545,22000,3.7e-06,30014
28784,7,1,24.8649433212352,25315,33790,25315,25.4545454545455,22000,6.4e-06,33790
28795,10,1,36.3846206625256,25319,32162,25319,36.3636363636364,22000,9.1e-06,32162
28798,6,1,21.3674897021211,25323,38497,25323,21.8181818181818,22000,5.5e-06,38497
28798,5,0,21.3674897021211,37996,37999,25323,18.1818181818182,22000,4.6e-06,38497
28813,7,1,24.7770471539146,25336,33049,25336,25.4545454545455,22000,6.4e-06,33049
28818,1,1,4.66489474681285,25342,32421,25342,3.63636363636364,22000,1e-06,32421
28823,4,1,14.4292777159665,25349,32349,25349,14.5454545454545,22000,3.7e-06,32349
28841,6,1,22.6637372685737,25368,30524,25368,21.8181818181818,22000,5.5e-06,30524
28842,8,1,28.9565712569391,25368,32250,25368,29.0909090909091,22000,7.3e-06,32250
28845,4,1,14.5797260580431,25370,33912,25370,14.5454545454545,22000,3.7e-06,33912
28849,3,1,11.1080546428651,25372,33468,25372,10.9090909090909,22000,2.8e-06,33468
28852,5,1,18.1086772801542,25373,32533,25373,18.1818181818182,22000,4.6e-06,32533
28868,7,1,25.7927675133839,25385,37478,25385,25.4545454545455,22000,6.4e-06,37478
28869,1,1,3.45759988376106,25388,37902,25388,3.63636363636364,22000,1e-06,37902
28879,9,1,32.6131889341165,25397,33838,25397,32.7272727272727,22000,8.2e-06,33838
28879,8,0,32.6131889341165,29396,29397,25397,29.0909090909091,22000,7.3e-06,33838
28883,8,1,29.0826326399853,25402,31329,25402,29.0909090909091,22000,7.3e-06,31329
28900,10,1,36.3545059572089,25414,33588,25414,36.3636363636364,22000,9.1e-06,33588
28916,3,1,10.5096676724021,25423,31675,25423,10.9090909090909,22000,2.8e-06,31675
28918,3,1,11.7725826140343,25424,32068,25424,10.9090909090909,22000,2.8e-06,32068
28919,5,1,18.9931022245444,25424,30587,25424,18.1818181818182,22000,4.6e-06,30587
28937,6,1,21.3171712471484,25436,30653,25436,21.8181818181818,22000,5.5e-06,30653
28944,10,1,37.0052454393845,25439,30045,25439,36.3636363636364,22000,9.1e-06,30045
28962,3,1,10.805958944732,25451,46757,25451,10.9090909090909,22000,2.8e-06,46757
28962,4,0,10.805958944732,45198,45208,25451,14.5454545454545,22000,3.7e-06,46757
28976,1,1,4.00011573022595,25459,40485,25459,3.63636363636364,22000,1e-06,40485
28995,4,1,14.9112784160036,25472,33572,25472,14.5454545454545,22000,3.7e-06,33572
29005,5,1,18.3976954114538,25484,31893,25484,18.1818181818182,22000,4.6e-06,31893
29008,8,1,28.4550207247367,25485,30315,25485,29.0909090909091,22000,7.3e-06,30315
29012,1,1,4.35149434837643,25487,41701,25487,3.63636363636364,22000,1e-06,41701
29021,4,1,14.4374159633149,25495,32208,25495,14.5454545454545,22000,3.7e-06,32208
29029,10,1,37.0779635868282,25506,30502,25506,36.3636363636364,22000,9.1e-06,30502
29030,4,1,14.8480512434956,25507,31677,25507,14.5454545454545,22000,3.7e-06,31677
29032,4,1,14.6753244995167,25510,31344,25510,14.5454545454545,22000,3.7e-06,31344
29036,5,1,18.566653762954,25514,31093,25514,18.1818181818182,22000,4.6e-06,31093
29037,7,1,24.7593651892566,25514,33405,25514,25.4545454545455,22000,6.4e-06,33405
29046,6,1,22.8506287226235,25519,33453,25519,21.8181818181818,22000,5.5e-06,33453
29048,5,1,18.5543416888093,25520,34765,25520,18.1818181818182,22000,4.6e-06,34765
29050,6,1,21.8394225544422,25521,30473,25521,21.8181818181818,22000,5.5e-06,30473
29072,3,1,10.6949240098017,25550,40498,25550,10.9090909090909,22000,2.8e-06,40498
29078,5,1,18.779534177401,25557,31987,25557,18.1818181818182,22000,4.6e-06,31987
29083,5,1,17.8851525452328,25561,30078,25561,18.1818181818182,22000,4.6e-06,30078
29095,3,1,9.71128452554053,25571,30079,25571,10.9090909090909,22000,2.8e-06,30079
29102,1,1,2.42691084417461,25576,44514,25576,3.63636363636364,22000,1e-06,44514
29106,2,1,7.5605993836485,25579,47095,25579,7.27272727272727,22000,1.9e-06,47095
29107,10,1,35.9438679880663,25579,33884,25579,36.3636363636364,22000,9.1e-06,33884
29108,1,1,2.83572496213697,25580,31969,25580,3.63636363636364,22000,1e-06,31969
29113,5,1,17.9099242037128,25587,45461,25587,18.1818181818182,22000,4.6e-06,45461
29121,7,1,26.0583406837863,25591,30108,25591,25.4545454545455,22000,6.4e-06,30108
29122,9,1,32.3098476447331,25591,37215,25591,32.7272727272727,22000,8.2e-06,37215
29124,1,1,3.20437180946504,25595,45970,25595,3.63636363636364,22000,1e-06,45970
29125,5,1,19.2328884824355,25595,30742,25595,18.1818181818182,22000,4.6e-06,30742
29129,7,1,25.4587401736982,25598,32321,25598,25.4545454545455,22000,6.4e-06,32321
29135,8,1,28.7278535192911,25599,35220,25599,29.0909090909091,22000,7.3e-06,35220
29145,7,1,25.3952367219202,25607,30152,25607,25.4545454545455,22000,6.4e-06,30152
29152,8,1,29.3443755846797,25612,30384,25612,29.0909090909091,22000,7.3e-06,30384
29164,9,1,32.8530844937686,25618,31307,25618,32.7272727272727,22000,8.2e-06,31307
29173,3,1,10.6249720021289,25623,50445,25623,10.9090909090909,22000,2.8e-06,50445
29177,10,1,36.9411800857545,25624,30705,25624,36.3636363636364,22000,9.1e-06,30705
29191,3,1,11.3424640646572,25633,31397,25633,10.9090909090909,22000,2.8e-06,31397
29192,5,1,18.7618287334605,25634,30971,25634,18.1818181818182,22000,4.6e-06,30971
29193,5,1,18.5941432572407,25634,32981,25634,18.1818181818182,22000,4.6e-06,32981
29200,8,1,29.0624260936982,25642,33754,25642,29.0909090909091,22000,7.3e-06,33754
29201,2,1,7.17617809609734,25644,33779,25644,7.27272727272727,22000,1.9e-06,33779
29219,4,1,14.6789142948034,25660,49082,25660,14.5454545454545,22000,3.7e-06,49082
29228,2,0,4.3369612222305,34379,34396,25668,7.27272727272727,22000,1.9e-06,56489
29228,1,1,4.3369612222305,25668,56489,25668,3.63636363636364,22000,1e-06,56489
29258,8,1,28.5152734481539,25692,32442,25692,29.0909090909091,22000,7.3e-06,32442
29263,7,1,24.8435409131127,25694,30423,25694,25.4545454545455,22000,6.4e-06,30423
29300,9,1,32.0827067984628,25719,31931,25719,32.7272727272727,22000,8.2e-06,31931
29321,5,1,18.1375042367621,25733,32601,25733,18.1818181818182,22000,4.6e-06,32601
29323,10,1,36.3563329478514,25734,33048,25734,36.3636363636364,22000,9.1e-06,33048
29340,4,1,13.6394287289038,25748,33843,25748,14.5454545454545,22000,3.7e-06,33843
29343,9,1,32.3111051809411,25751,31592,25751,32.7272727272727,22000,8.2e-06,31592
29379,9,1,32.9884771548264,25777,30421,25777,32.7272727272727,22000,8.2e-06,30421
29386,9,1,33.0133873436753,25786,32956,25786,32.7272727272727,22000,8.2e-06,32956
29397,5,1,18.742623085339,25794,34921,25794,18.1818181818182,22000,4.6e-06,34921
29409,7,1,25.2169159266947,25800,32468,25800,25.4545454545455,22000,6.4e-06,32468
29412,1,1,3.48093349783897,25804,99277,25804,3.63636363636364,22000,1e-06,99277
29431,5,1,17.768710308937,25816,30504,25816,18.1818181818182,22000,4.6e-06,30504
29435,3,1,11.273317830206,25821,35188,25821,10.9090909090909,22000,2.8e-06,35188
29436,8,1,28.5634185383068,25821,35942,25821,29.0909090909091,22000,7.3e-06,35942
29447,10,1,35.7104799720099,25827,32610,25827,36.3636363636364,22000,9.1e-06,32610
29448,4,1,14.9692693628609,25828,40212,25828,14.5454545454545,22000,3.7e-06,40212
29460,10,1,36.5415013631331,25837,30894,25837,36.3636363636364,22000,9.1e-06,30894
29463,6,1,22.7025975744709,25839,30751,25839,21.8181818181818,22000,5.5e-06,30751
29463,7,0,22.7025975744709,27672,27685,25839,25.4545454545455,22000,6.4e-06,30751
29467,2,1,6.85763982594627,25842,45125,25842,7.27272727272727,22000,1.9e-06,45125
29469,8,1,28.7316424336357,25844,30760,25844,29.0909090909091,22000,7.3e-06,30760
29477,4,1,14.3657270555772,25851,30153,25851,14.5454545454545,22000,3.7e-06,30153
29492,10,1,36.3870053681354,25866,31294,25866,36.3636363636364,22000,9.1e-06,31294
29497,7,1,25.3053565649245,25869,30556,25869,25.4545454545455,22000,6.4e-06,30556
29507,2,1,6.58588891713393,25880,30522,25880,7.27272727272727,22000,1.9e-06,30522
29513,9,1,33.0880324550593,25883,30378,25883,32.7272727272727,22000,8.2e-06,30378
29524,1,1,4.32577155209097,25889,54162,25889,3.63636363636364,22000,1e-06,54162
29525,6,1,22.1842128312709,25889,32012,25889,21.8181818181818,22000,5.5e-06,32012
29534,6,1,21.9811038945786,25893,36877,25893,21.8181818181818,22000,5.5e-06,36877
29534,7,0,21.9811038945786,30127,30129,25893,25.4545454545455,22000,6.4e-06,36877
29535,7,1,25.6580853545312,25893,35732,25893,25.4545454545455,22000,6.4e-06,35732
29537,7,1,25.9223796101072,25894,36463,25894,25.4545454545455,22000,6.4e-06,36463
29550,6,1,21.6738856052968,25901,30105,25901,21.8181818181818,22000,5.5e-06,30105
29571,3,1,11.2294395618004,25923,49135,25923,10.9090909090909,22000,2.8e-06,49135
29572,8,1,28.8691296381812,25923,30844,25923,29.0909090909091,22000,7.3e-06,30844
29582,7,1,25.2167151611904,25929,31022,25929,25.4545454545455,22000,6.4e-06,31022
29583,10,1,36.8839018571462,25930,32780,25930,36.3636363636364,22000,9.1e-06,32780
29611,5,1,18.5979248868327,25948,34295,25948,18.1818181818182,22000,4.6e-06,34295
29615,7,1,25.5194032950788,25954,35082,25954,25.4545454545455,22000,6.4e-06,35082
29619,9,1,32.5745938576572,25956,36322,25956,32.7272727272727,22000,8.2e-06,36322
29626,5,1,18.0347554600259,25963,30369,25963,18.1818181818182,22000,4.6e-06,30369
29627,7,1,26.1410906405727,25963,31076,25963,25.4545454545455,22000,6.4e-06,31076
29632,3,1,11.711353198475,25969,33716,25969,10.9090909090909,22000,2.8e-06,33716
29641,1,1,4.4707857335679,25973,40914,25973,3.63636363636364,22000,1e-06,40914
29649,10,1,35.7865796641387,25981,30410,25981,36.3636363636364,22000,9.1e-06,30410
29676,8,1,28.7364732525419,26003,30100,26003,29.0909090909091,22000,7.3e-06,30100
29684,3,1,11.9238295836764,26006,34885,26006,10.9090909090909,22000,2.8e-06,34885
29691,4,1,14.9120581498959,26014,43097,26014,14.5454545454545,22000,3.7e-06,43097
29696,7,1,25.2914464138138,26017,34659,26017,25.4545454545455,22000,6.4e-06,34659
29700,6,1,21.8742832771843,26025,30142,26025,21.8181818181818,22000,5.5e-06,30142
29705,7,1,26.2714602527056,26027,30181,26027,25.4545454545455,22000,6.4e-06,30181
29706,7,1,25.335356349742,26029,30395,26029,25.4545454545455,22000,6.4e-06,30395
29707,10,1,35.996388401925,26029,30784,26029,36.3636363636364,22000,9.1e-06,30784
29712,8,1,28.0295017070832,26032,31539,26032,29.0909090909091,22000,7.3e-06,31539
29726,9,1,32.2030467318919,26045,33021,26045,32.7272727272727,22000,8.2e-06,33021
29729,2,1,8.33583268836666,26049,30603,26049,7.27272727272727,22000,1.9e-06,30603
29734,9,1,32.8653970428268,26050,30357,26050,32.7272727272727,22000,8.2e-06,30357
29735,10,1,36.7428565168992,26050,31186,26050,36.3636363636364,22000,9.1e-06,31186
29736,4,1,14.1743333420666,26051,32002,26051,14.5454545454545,22000,3.7e-06,32002
29737,8,1,29.4668450674454,26051,35092,26051,29.0909090909091,22000,7.3e-06,35092
29740,8,1,29.0014140949473,26053,34501,26053,29.0909090909091,22000,7.3e-06,34501
29742,9,1,32.778704907809,26054,30260,26054,32.7272727272727,22000,8.2e-06,30260
29747,6,1,21.519799341738,26062,32986,26062,21.8181818181818,22000,5.5e-06,32986
29751,4,1,13.7443692804666,26064,30388,26064,14.5454545454545,22000,3.7e-06,30388
29770,7,1,25.4843107672073,26078,34474,26078,25.4545454545455,22000,6.4e-06,34474
29772,7,1,25.6519221689451,26079,42242,26079,25.4545454545455,22000,6.4e-06,42242
29787,5,1,17.4206906747933,26091,31641,26091,18.1818181818182,22000,4.6e-06,31641
29798,6,1,22.0665394687142,26100,32069,26100,21.8181818181818,22000,5.5e-06,32069
29799,7,1,25.8621360570593,26100,39014,26100,25.4545454545455,22000,6.4e-06,39014
29802,3,1,12.2615659051255,26104,30744,26104,10.9090909090909,22000,2.8e-06,30744
29802,2,0,12.2615659051255,28653,28655,26104,7.27272727272727,22000,1.9e-06,30744
29805,10,1,36.6450318241456,26106,31226,26106,36.3636363636364,22000,9.1e-06,31226
29808,6,1,22.0372933404505,26108,33148,26108,21.8181818181818,22000,5.5e-06,33148
29814,6,1,21.1704859455987,26110,35088,26110,21.8181818181818,22000,5.5e-06,35088
29829,3,1,11.2963743412521,26122,30120,26122,10.9090909090909,22000,2.8e-06,30120
29830,6,1,22.0992133590861,26123,32792,26123,21.8181818181818,22000,5.5e-06,32792
29834,5,0,21.8084723750133,28782,28788,26124,18.1818181818182,22000,4.6e-06,33017
29834,6,1,21.8084723750133,26124,33017,26124,21.8181818181818,22000,5.5e-06,33017
29840,6,1,21.5447522708138,26128,30621,26128,21.8181818181818,22000,5.5e-06,30621
29842,6,1,21.7461324738716,26129,35834,26129,21.8181818181818,22000,5.5e-06,35834
29843,1,1,3.60898798293118,26131,55228,26131,3.63636363636364,22000,1e-06,55228
29844,2,0,11.4348121648374,27182,27187,26132,7.27272727272727,22000,1.9e-06,38480
29844,3,1,11.4348121648374,26132,38480,26132,10.9090909090909,22000,2.8e-06,38480
29849,10,1,36.549167666154,26134,30313,26134,36.3636363636364,22000,9.1e-06,30313
29854,3,1,10.1773986702031,26137,32165,26137,10.9090909090909,22000,2.8e-06,32165
29856,2,1,8.42216128631408,26142,32473,26142,7.27272727272727,22000,1.9e-06,32473
29883,8,1,30.0447252268959,26169,31877,26169,29.0909090909091,22000,7.3e-06,31877
29885,4,1,14.43971943316,26170,30436,26170,14.5454545454545,22000,3.7e-06,30436
29888,3,1,9.97881724019427,26171,36165,26171,10.9090909090909,22000,2.8e-06,36165
29888,4,0,9.97881724019427,32343,32344,26171,14.5454545454545,22000,3.7e-06,36165
29892,9,1,32.2103815401579,26171,31439,26171,32.7272727272727,22000,8.2e-06,31439
29910,8,1,28.8020235361843,26180,30321,26180,29.0909090909091,22000,7.3e-06,30321
29914,6,1,21.4323223717597,26183,30632,26183,21.8181818181818,22000,5.5e-06,30632
29915,10,1,37.0926085422527,26183,30461,26183,36.3636363636364,22000,9.1e-06,30461
29923,10,1,37.3300757193483,26193,34517,26193,36.3636363636364,22000,9.1e-06,34517
29927,7,1,26.2452890073253,26195,30391,26195,25.4545454545455,22000,6.4e-06,30391
29931,4,1,14.3594894104791,26197,31348,26197,14.5454545454545,22000,3.7e-06,31348
29935,1,1,4.14357716855107,26207,32456,26207,3.63636363636364,22000,1e-06,32456
29938,1,1,4.15723431733619,26211,41653,26211,3.63636363636364,22000,1e-06,41653
29944,6,1,22.4269391360922,26214,31518,26214,21.8181818181818,22000,5.5e-06,31518
29946,9,1,32.2304844024624,26217,30363,26217,32.7272727272727,22000,8.2e-06,30363
29947,3,1,10.6688790248597,26218,32294,26218,10.9090909090909,22000,2.8e-06,32294
29957,4,1,13.3622408558543,26224,33937,26224,14.5454545454545,22000,3.7e-06,33937
29960,4,0,18.5922371989641,31015,31016,26227,14.5454545454545,22000,3.7e-06,34900
29960,5,1,18.5922371989641,26227,34900,26227,18.1818181818182,22000,4.6e-06,34900
29961,4,0,10.8737608362743,29455,29463,26228,14.5454545454545,22000,3.7e-06,36664
29961,3,1,10.8737608362743,26228,36664,26228,10.9090909090909,22000,2.8e-06,36664
29963,9,1,32.5667768418343,26228,32633,26228,32.7272727272727,22000,8.2e-06,32633
29965,2,1,7.34103334854738,26231,30321,26231,7.27272727272727,22000,1.9e-06,30321
29967,5,1,17.8616826857722,26231,31163,26231,18.1818181818182,22000,4.6e-06,31163
29968,10,1,36.2207914113581,26231,44565,26231,36.3636363636364,22000,9.1e-06,44565
29972,6,1,21.2353910383969,26234,31615,26234,21.8181818181818,22000,5.5e-06,31615
29976,4,1,14.5299614955897,26237,38900,26237,14.5454545454545,22000,3.7e-06,38900
29977,5,1,19.1324802024914,26237,39457,26237,18.1818181818182,22000,4.6e-06,39457
29980,2,1,7.9808826028157,26240,40186,26240,7.27272727272727,22000,1.9e-06,40186
29982,6,1,21.6716694090721,26241,37332,26241,21.8181818181818,22000,5.5e-06,37332
29991,5,1,19.3615330182075,26246,32740,26246,18.1818181818182,22000,4.6e-06,32740
29992,10,1,36.5226840553224,26246,30610,26246,36.3636363636364,22000,9.1e-06,30610
29994,7,1,25.0064656593101,26251,31532,26251,25.4545454545455,22000,6.4e-06,31532
29995,7,1,26.1518199372478,26251,30248,26251,25.4545454545455,22000,6.4e-06,30248
30009,7,1,25.6252865784133,26263,30927,26263,25.4545454545455,22000,6.4e-06,30927
30011,10,1,35.3827431087036,26266,31831,26266,36.3636363636364,22000,9.1e-06,31831
30014,2,1,7.43194720461757,26269,34422,26269,7.27272727272727,22000,1.9e-06,34422
30014,1,0,7.43194720461757,29725,29745,26269,3.63636363636364,22000,1e-06,34422
30017,7,1,25.2659280768279,26272,36217,26272,25.4545454545455,22000,6.4e-06,36217
30024,3,1,11.6025993076345,26280,40392,26280,10.9090909090909,22000,2.8e-06,40392
30026,3,1,10.0712826672531,26282,32293,26282,10.9090909090909,22000,2.8e-06,32293
30044,2,1,6.25235263154365,26295,35921,26295,7.27272727272727,22000,1.9e-06,35921
30048,2,0,11.2680660190597,36533,36535,26296,7.27272727272727,22000,1.9e-06,36659
30048,3,1,11.2680660190597,26296,36659,26296,10.9090909090909,22000,2.8e-06,36659
30051,10,1,36.8962620574392,26296,31306,26296,36.3636363636364,22000,9.1e-06,31306
30058,3,1,10.7722380684905,26300,39470,26300,10.9090909090909,22000,2.8e-06,39470
30063,2,1,8.1116432281438,26303,39547,26303,7.27272727272727,22000,1.9e-06,39547
30077,8,1,29.1462845361515,26312,31341,26312,29.0909090909091,22000,7.3e-06,31341
30096,10,1,36.7469462025838,26326,34182,26326,36.3636363636364,22000,9.1e-06,34182
30097,6,1,21.9319458517467,26327,32482,26327,21.8181818181818,22000,5.5e-06,32482
30103,1,1,2.95403222682924,26330,30019,26330,3.63636363636364,22000,1e-06,30019
30113,2,1,6.62970350099755,26336,36289,26336,7.27272727272727,22000,1.9e-06,36289
30125,4,1,14.0020055719024,26342,31347,26342,14.5454545454545,22000,3.7e-06,31347
30128,8,1,28.484553826728,26343,30058,26343,29.0909090909091,22000,7.3e-06,30058
30131,2,0,3.90961847075612,32731,32734,26348,7.27272727272727,22000,1.9e-06,67176
30131,1,1,3.90961847075612,26348,67176,26348,3.63636363636364,22000,1e-06,67176
30137,9,1,33.7103160162397,26352,30967,26352,32.7272727272727,22000,8.2e-06,30967
30139,5,1,17.4214251986241,26354,33846,26354,18.1818181818182,22000,4.6e-06,33846
30141,2,1,7.48026513625421,26355,30237,26355,7.27272727272727,22000,1.9e-06,30237
30142,6,1,22.4013290587551,26355,31134,26355,21.8181818181818,22000,5.5e-06,31134
30145,10,1,36.5555118129677,26357,30067,26357,36.3636363636364,22000,9.1e-06,30067
30161,10,1,36.2682278887177,26369,30966,26369,36.3636363636364,22000,9.1e-06,30966
30163,2,1,7.76923727528443,26372,33926,26372,7.27272727272727,22000,1.9e-06,33926
30165,8,1,29.120290310754,26374,30749,26374,29.0909090909091,22000,7.3e-06,30749
30170,2,1,6.91202013783942,26383,39813,26383,7.27272727272727,22000,1.9e-06,39813
30171,3,1,10.610241924402,26383,33915,26383,10.9090909090909,22000,2.8e-06,33915
30178,10,1,36.9337060486497,26390,30754,26390,36.3636363636364,22000,9.1e-06,30754
30182,3,1,11.0694722971122,26394,52572,26394,10.9090909090909,22000,2.8e-06,52572
30182,2,0,11.0694722971122,47332,47333,26394,7.27272727272727,22000,1.9e-06,52572
30191,8,1,28.5799637371966,26398,30988,26398,29.0909090909091,22000,7.3e-06,30988
30193,1,1,3.09662066959299,26400,38191,26400,3.63636363636364,22000,1e-06,38191
30193,2,0,3.09662066959299,28342,28348,26400,7.27272727272727,22000,1.9e-06,38191
30203,6,1,21.4385004499007,26405,31127,26405,21.8181818181818,22000,5.5e-06,31127
30209,3,1,10.9863892652767,26410,42236,26410,10.9090909090909,22000,2.8e-06,42236
30221,7,1,25.1922661758044,26419,30744,26419,25.4545454545455,22000,6.4e-06,30744
30225,2,1,8.47302688686226,26421,30626,26421,7.27272727272727,22000,1.9e-06,30626
30228,5,1,18.4884928813341,26427,30947,26427,18.1818181818182,22000,4.6e-06,30947
30232,3,1,10.2084470184419,26428,37260,26428,10.9090909090909,22000,2.8e-06,37260
30232,2,0,10.2084470184419,30889,30899,26428,7.27272727272727,22000,1.9e-06,37260
30237,9,1,32.8120777920777,26433,30368,26433,32.7272727272727,22000,8.2e-06,30368
30246,8,1,28.3464158474521,26438,30106,26438,29.0909090909091,22000,7.3e-06,30106
30268,2,1,7.42627986327492,26461,49881,26461,7.27272727272727,22000,1.9e-06,49881
30277,3,1,11.6567422344282,26466,34343,26466,10.9090909090909,22000,2.8e-06,34343
30283,4,1,13.5360993133223,26472,33402,26472,14.5454545454545,22000,3.7e-06,33402
30284,3,1,11.3582595799191,26473,31224,26473,10.9090909090909,22000,2.8e-06,31224
30297,1,1,4.3552460137674,26485,42972,26485,3.63636363636364,22000,1e-06,42972
30303,1,1,3.92827946529239,26489,98060,26489,3.63636363636364,22000,1e-06,98060
30305,8,1,28.978363803133,26490,30943,26490,29.0909090909091,22000,7.3e-06,30943
30306,7,1,25.2461247247927,26491,32002,26491,25.4545454545455,22000,6.4e-06,32002
30309,1,1,3.82776762021468,26496,72982,26496,3.63636363636364,22000,1e-06,72982
30311,9,1,32.5560023649331,26496,32493,26496,32.7272727272727,22000,8.2e-06,32493
30318,4,0,11.2361511901151,30682,30686,26500,14.5454545454545,22000,3.7e-06,43495
30318,3,1,11.2361511901151,26500,43495,26500,10.9090909090909,22000,2.8e-06,43495
30326,6,1,21.7430410129334,26506,62227,26506,21.8181818181818,22000,5.5e-06,62227
30339,5,1,17.8245874968909,26516,30275,26516,18.1818181818182,22000,4.6e-06,30275
30344,5,1,18.4702356448394,26518,32374,26518,18.1818181818182,22000,4.6e-06,32374
30356,4,1,14.8554830609937,26529,34595,26529,14.5454545454545,22000,3.7e-06,34595
30362,10,1,36.2421746314866,26531,30872,26531,36.3636363636364,22000,9.1e-06,30872
30363,4,1,14.8473571011527,26533,31464,26533,14.5454545454545,22000,3.7e-06,31464
30365,1,1,3.50148631052212,26536,31266,26536,3.63636363636364,22000,1e-06,31266
30366,4,1,14.9019946202099,26536,35931,26536,14.5454545454545,22000,3.7e-06,35931
30378,3,1,11.1553475967659,26546,42230,26546,10.9090909090909,22000,2.8e-06,42230
30378,2,0,11.1553475967659,37112,37113,26546,7.27272727272727,22000,1.9e-06,42230
30380,10,1,35.9513811846674,26547,31249,26547,36.3636363636364,22000,9.1e-06,31249
30395,8,1,28.9414707185344,26556,33645,26556,29.0909090909091,22000,7.3e-06,33645
30398,10,1,36.0343616731979,26557,34424,26557,36.3636363636364,22000,9.1e-06,34424
30400,2,1,6.45242151099456,26560,42415,26560,7.27272727272727,22000,1.9e-06,42415
30409,4,1,15.1927134526272,26566,35108,26566,14.5454545454545,22000,3.7e-06,35108
30412,10,1,35.6852517619628,26567,32171,26567,36.3636363636364,22000,9.1e-06,32171
30418,9,1,33.0162417964361,26572,32083,26572,32.7272727272727,22000,8.2e-06,32083
30420,2,1,7.85572852743749,26574,31362,26574,7.27272727272727,22000,1.9e-06,31362
30425,7,1,25.8355705021383,26578,34215,26578,25.4545454545455,22000,6.4e-06,34215
30428,6,1,23.2688651725343,26579,30316,26579,21.8181818181818,22000,5.5e-06,30316
30433,5,0,13.751967998782,30720,30724,26585,18.1818181818182,22000,4.6e-06,44238
30433,4,1,13.751967998782,26585,44238,26585,14.5454545454545,22000,3.7e-06,44238
30436,5,1,19.0045906327882,26587,31170,26587,18.1818181818182,22000,4.6e-06,31170
30441,10,1,36.2970529844341,26592,30219,26592,36.3636363636364,22000,9.1e-06,30219
30446,5,1,18.9634046881979,26597,37428,26597,18.1818181818182,22000,4.6e-06,37428
30449,10,1,35.9722657235315,26599,32509,26599,36.3636363636364,22000,9.1e-06,32509
30450,6,1,22.7192094497785,26600,30344,26600,21.8181818181818,22000,5.5e-06,30344
30453,9,1,32.6482783298412,26602,31772,26602,32.7272727272727,22000,8.2e-06,31772
30465,5,1,18.4511825521412,26615,37313,26615,18.1818181818182,22000,4.6e-06,37313
30467,6,1,21.0587790847581,26617,32654,26617,21.8181818181818,22000,5.5e-06,32654
30478,2,1,7.45707130854377,26625,30681,26625,7.27272727272727,22000,1.9e-06,30681
30482,9,1,32.3420460091249,26629,31266,26629,32.7272727272727,22000,8.2e-06,31266
30489,9,1,33.0421274231158,26633,33998,26633,32.7272727272727,22000,8.2e-06,33998
30491,5,1,18.5139196237645,26635,30094,26635,18.1818181818182,22000,4.6e-06,30094
30498,7,1,25.9526267603356,26642,35360,26642,25.4545454545455,22000,6.4e-06,35360
30501,8,1,29.0806459424011,26644,30031,26644,29.0909090909091,22000,7.3e-06,30031
30503,1,1,3.49819286437398,26646,50236,26646,3.63636363636364,22000,1e-06,50236
30504,5,1,17.8655168978081,26646,30666,26646,18.1818181818182,22000,4.6e-06,30666
30513,3,1,11.4840236943751,26652,33736,26652,10.9090909090909,22000,2.8e-06,33736
30520,3,1,11.120968995708,26656,36748,26656,10.9090909090909,22000,2.8e-06,36748
30523,9,1,33.4535787466966,26657,31453,26657,32.7272727272727,22000,8.2e-06,31453
30525,2,0,3.09330178570366,40416,40418,26659,7.27272727272727,22000,1.9e-06,51832
30525,2,0,3.09330178570366,36106,36112,26659,7.27272727272727,22000,1.9e-06,51832
30525,1,1,3.09330178570366,26659,51832,26659,3.63636363636364,22000,1e-06,51832
30526,5,1,18.1900522594807,26659,31585,26659,18.1818181818182,22000,4.6e-06,31585
30532,3,1,10.3446296357865,26665,37437,26665,10.9090909090909,22000,2.8e-06,37437
30533,9,1,31.9305229482859,26665,30614,26665,32.7272727272727,22000,8.2e-06,30614
30543,7,1,25.1741824054495,26672,38781,26672,25.4545454545455,22000,6.4e-06,38781
30544,8,1,29.1634211353162,26672,46977,26672,29.0909090909091,22000,7.3e-06,46977
30550,3,0,7.22391027443054,70199,70201,26677,10.9090909090909,22000,2.8e-06,77794
30550,2,1,7.22391027443054,26677,77794,26677,7.27272727272727,22000,1.9e-06,77794
30556,7,1,25.4837682806541,26683,30258,26683,25.4545454545455,22000,6.4e-06,30258
30557,10,1,35.9045382619794,26683,31672,26683,36.3636363636364,22000,9.1e-06,31672
30564,2,1,8.02910179815379,26689,31686,26689,7.27272727272727,22000,1.9e-06,31686
30567,3,1,10.6028314320406,26690,38700,26690,10.9090909090909,22000,2.8e-06,38700
30568,6,1,22.3993849134271,26690,31479,26690,21.8181818181818,22000,5.5e-06,31479
30574,4,1,14.9601314409452,26693,33725,26693,14.5454545454545,22000,3.7e-06,33725
30576,6,1,22.4474830146431,26694,30454,26694,21.8181818181818,22000,5.5e-06,30454
30583,7,1,25.3221554139572,26700,30564,26700,25.4545454545455,22000,6.4e-06,30564
30593,1,1,4.09255947514173,26705,33324,26705,3.63636363636364,22000,1e-06,33324
30595,5,1,18.4666389224841,26706,35012,26706,18.1818181818182,22000,4.6e-06,35012
30599,3,1,10.1546885569179,26709,30841,26709,10.9090909090909,22000,2.8e-06,30841
30604,1,1,4.0603113254375,26710,33251,26710,3.63636363636364,22000,1e-06,33251
30609,6,1,22.0067590107885,26714,30686,26714,21.8181818181818,22000,5.5e-06,30686
30615,7,1,25.0596879232262,26718,31824,26718,25.4545454545455,22000,6.4e-06,31824
30619,9,1,33.0387972981122,26721,32839,26721,32.7272727272727,22000,8.2e-06,32839
30621,4,1,14.3176064583894,26724,41318,26724,14.5454545454545,22000,3.7e-06,41318
30622,5,1,17.8432186595482,26724,37820,26724,18.1818181818182,22000,4.6e-06,37820
30626,1,1,3.41660771367444,26725,51998,26725,3.63636363636364,22000,1e-06,51998
30628,7,1,25.6324501754865,26726,39937,26726,25.4545454545455,22000,6.4e-06,39937
30632,4,1,15.8294820492927,26730,31885,26730,14.5454545454545,22000,3.7e-06,31885
30641,8,1,29.2913863164728,26735,39127,26735,29.0909090909091,22000,7.3e-06,39127
30646,4,1,13.1864313310315,26737,31074,26737,14.5454545454545,22000,3.7e-06,31074
30647,8,1,28.6725327003495,26737,34229,26737,29.0909090909091,22000,7.3e-06,34229
30648,3,1,11.6800206042008,26738,30362,26738,10.9090909090909,22000,2.8e-06,30362
30651,9,1,33.4926480219848,26739,31260,26739,32.7272727272727,22000,8.2e-06,31260
30662,3,1,9.88482206719035,26748,37940,26748,10.9090909090909,22000,2.8e-06,37940
30680,1,1,4.90255549839622,26762,30263,26762,3.63636363636364,22000,1e-06,30263
30681,4,1,14.5372529142116,26762,40063,26762,14.5454545454545,22000,3.7e-06,40063
30682,9,1,32.6788759526119,26762,31820,26762,32.7272727272727,22000,8.2e-06,31820
30685,10,1,36.3971043207392,26764,34139,26764,36.3636363636364,22000,9.1e-06,34139
30692,1,1,4.17418815524455,26770,41739,26770,3.63636363636364,22000,1e-06,41739
30695,1,1,5.10701120335976,26771,31346,26771,3.63636363636364,22000,1e-06,31346
30701,1,1,2.95933750807889,26776,36656,26776,3.63636363636364,22000,1e-06,36656
30703,8,1,29.116932404513,26776,31820,26776,29.0909090909091,22000,7.3e-06,31820
30709,3,1,10.622595232214,26779,33602,26779,10.9090909090909,22000,2.8e-06,33602
30714,8,1,29.3208389562904,26781,32852,26781,29.0909090909091,22000,7.3e-06,32852
30723,2,1,8.88765556367258,26790,30427,26790,7.27272727272727,22000,1.9e-06,30427
30732,9,1,33.6899331251647,26796,30383,26796,32.7272727272727,22000,8.2e-06,30383
30739,3,1,11.0129777177441,26804,34866,26804,10.9090909090909,22000,2.8e-06,34866
30742,10,1,36.8198247468434,26804,33383,26804,36.3636363636364,22000,9.1e-06,33383
30747,1,1,3.77208609936682,26808,47795,26808,3.63636363636364,22000,1e-06,47795
30748,3,1,10.5603817343218,26808,31461,26808,10.9090909090909,22000,2.8e-06,31461
30757,9,1,32.0862027872175,26814,30922,26814,32.7272727272727,22000,8.2e-06,30922
30758,2,1,7.67745756611374,26817,32050,26817,7.27272727272727,22000,1.9e-06,32050
30759,4,1,13.6982279150449,26818,38083,26818,14.5454545454545,22000,3.7e-06,38083
30768,9,1,32.7087807486746,26822,32456,26822,32.7272727272727,22000,8.2e-06,32456
30778,3,1,10.4814222718291,26834,31742,26834,10.9090909090909,22000,2.8e-06,31742
30783,2,1,6.73014095221906,26837,30464,26837,7.27272727272727,22000,1.9e-06,30464
30790,7,1,25.4171991439836,26843,30608,26843,25.4545454545455,22000,6.4e-06,30608
30795,3,1,10.4549425547767,26848,34997,26848,10.9090909090909,22000,2.8e-06,34997
30803,8,1,29.4951717811468,26854,30803,26854,29.0909090909091,22000,7.3e-06,30803
30815,9,1,33.1721798152349,26860,38085,26860,32.7272727272727,22000,8.2e-06,38085
30815,8,0,33.1721798152349,35806,35808,26860,29.0909090909091,22000,7.3e-06,38085
30820,6,1,21.2791948557757,26864,32433,26864,21.8181818181818,22000,5.5e-06,32433
30827,3,1,9.89452428360048,26873,33394,26873,10.9090909090909,22000,2.8e-06,33394
30830,3,1,11.6308027845209,26875,31076,26875,10.9090909090909,22000,2.8e-06,31076
30835,2,1,7.87421186269754,26879,36368,26879,7.27272727272727,22000,1.9e-06,36368
30842,1,1,4.94137026333268,26883,32243,26883,3.63636363636364,22000,1e-06,32243
30843,4,1,14.0401509409248,26883,31465,26883,14.5454545454545,22000,3.7e-06,31465
30847,3,1,11.5307240460882,26886,31575,26886,10.9090909090909,22000,2.8e-06,31575
30849,4,1,14.3209563771838,26886,45947,26886,14.5454545454545,22000,3.7e-06,45947
30851,5,1,18.0053017574219,26887,34823,26887,18.1818181818182,22000,4.6e-06,34823
30856,8,1,28.4899222545082,26896,30268,26896,29.0909090909091,22000,7.3e-06,30268
30858,10,1,35.5847960830639,26897,31222,26897,36.3636363636364,22000,9.1e-06,31222
30862,2,1,7.95615375146372,26900,34161,26900,7.27272727272727,22000,1.9e-06,34161
30863,8,1,29.7014084448874,26900,30303,26900,29.0909090909091,22000,7.3e-06,30303
30867,10,1,36.7118011388038,26901,30041,26901,36.3636363636364,22000,9.1e-06,30041
30877,8,1,29.4727324575785,26908,30776,26908,29.0909090909091,22000,7.3e-06,30776
30880,5,1,17.6942864575083,26912,44373,26912,18.1818181818182,22000,4.6e-06,44373
30882,9,1,33.2851856713076,26912,30295,26912,32.7272727272727,22000,8.2e-06,30295
30891,8,1,27.9706425174014,26916,34395,26916,29.0909090909091,22000,7.3e-06,34395
30896,10,1,36.5697887593639,26920,35278,26920,36.3636363636364,22000,9.1e-06,35278
30904,7,1,25.3734038506075,26925,30112,26925,25.4545454545455,22000,6.4e-06,30112
30905,8,0,32.6815575590256,28519,28523,26927,29.0909090909091,22000,7.3e-06,30857
30905,9,1,32.6815575590256,26927,30857,26927,32.7272727272727,22000,8.2e-06,30857
30910,1,1,3.72379495351465,26932,34370,26932,3.63636363636364,22000,1e-06,34370
30920,8,1,29.4930970798391,26939,31014,26939,29.0909090909091,22000,7.3e-06,31014
30929,1,1,4.33951588908539,26947,59125,26947,3.63636363636364,22000,1e-06,59125
30941,3,1,11.4019297527827,26952,52927,26952,10.9090909090909,22000,2.8e-06,52927
30942,6,1,21.7952322111825,26953,30722,26953,21.8181818181818,22000,5.5e-06,30722
30943,4,1,14.9941920120564,26955,30119,26955,14.5454545454545,22000,3.7e-06,30119
30945,10,1,36.5020851999436,26957,30546,26957,36.3636363636364,22000,9.1e-06,30546
30957,1,1,2.8617353229212,26966,41522,26966,3.63636363636364,22000,1e-06,41522
30958,4,1,13.9658650667272,26967,30772,26967,14.5454545454545,22000,3.7e-06,30772
30962,3,1,10.7775511913177,26969,31031,26969,10.9090909090909,22000,2.8e-06,31031
30963,7,1,25.3332817839848,26969,30018,26969,25.4545454545455,22000,6.4e-06,30018
30975,5,1,17.9023873850683,26980,32467,26980,18.1818181818182,22000,4.6e-06,32467
30979,9,1,32.9232156230582,26981,31329,26981,32.7272727272727,22000,8.2e-06,31329
30981,2,1,7.5391076041334,26983,31657,26983,7.27272727272727,22000,1.9e-06,31657
30989,10,1,36.2877934489866,26993,31093,26993,36.3636363636364,22000,9.1e-06,31093
30999,5,1,18.2207539695251,26998,33545,26998,18.1818181818182,22000,4.6e-06,33545
31002,5,1,18.2092246926055,27002,33410,27002,18.1818181818182,22000,4.6e-06,33410
31018,4,1,13.6044741519466,27013,33114,27013,14.5454545454545,22000,3.7e-06,33114
31020,8,1,29.6591214961411,27013,32290,27013,29.0909090909091,22000,7.3e-06,32290
31026,2,1,7.37920173964854,27018,31162,27018,7.27272727272727,22000,1.9e-06,31162
31027,2,1,7.41805029461368,27019,38208,27019,7.27272727272727,22000,1.9e-06,38208
31028,6,1,21.9544822071296,27020,32501,27020,21.8181818181818,22000,5.5e-06,32501
31035,1,1,4.24858188045656,27027,79235,27027,3.63636363636364,22000,1e-06,79235
31038,3,1,11.648278493489,27028,39467,27028,10.9090909090909,22000,2.8e-06,39467
31048,6,1,20.6815989056148,27035,30314,27035,21.8181818181818,22000,5.5e-06,30314
31056,4,1,14.0717078178182,27041,36332,27041,14.5454545454545,22000,3.7e-06,36332
31058,5,1,18.6710781305166,27042,31326,27042,18.1818181818182,22000,4.6e-06,31326
31071,8,1,29.6363737279457,27052,30147,27052,29.0909090909091,22000,7.3e-06,30147
31073,4,1,13.8808089388899,27053,30947,27053,14.5454545454545,22000,3.7e-06,30947
31081,10,1,36.5655134536314,27057,30977,27057,36.3636363636364,22000,9.1e-06,30977
31086,3,1,10.3410478429172,27062,33556,27062,10.9090909090909,22000,2.8e-06,33556
31087,4,1,14.9610634800444,27063,36388,27063,14.5454545454545,22000,3.7e-06,36388
31092,4,1,14.8956630529291,27067,54764,27067,14.5454545454545,22000,3.7e-06,54764
31095,3,1,11.5323760284205,27069,34920,27069,10.9090909090909,22000,2.8e-06,34920
31108,8,1,28.7996957158452,27081,33190,27081,29.0909090909091,22000,7.3e-06,33190
31115,7,1,25.4677959016547,27085,34173,27085,25.4545454545455,22000,6.4e-06,34173
31116,4,1,14.0214267823358,27087,33173,27087,14.5454545454545,22000,3.7e-06,33173
31118,5,1,17.9715829399205,27087,30310,27087,18.1818181818182,22000,4.6e-06,30310
31119,6,1,22.3464648693816,27087,37375,27087,21.8181818181818,22000,5.5e-06,37375
31121,8,1,28.8202480719042,27088,34293,27088,29.0909090909091,22000,7.3e-06,34293
31125,4,1,14.0639815830459,27089,34295,27089,14.5454545454545,22000,3.7e-06,34295
31127,8,1,28.9667965680169,27089,31225,27089,29.0909090909091,22000,7.3e-06,31225
31130,4,1,14.1321785531044,27092,33028,27092,14.5454545454545,22000,3.7e-06,33028
31131,7,1,25.3925551734421,27092,44369,27092,25.4545454545455,22000,6.4e-06,44369
31132,7,1,25.992104059222,27093,30044,27093,25.4545454545455,22000,6.4e-06,30044
31133,7,1,25.215662640449,27093,40291,27093,25.4545454545455,22000,6.4e-06,40291
31137,1,1,3.44664917925305,27095,43847,27095,3.63636363636364,22000,1e-06,43847
31139,9,1,32.8976099380692,27096,31095,27096,32.7272727272727,22000,8.2e-06,31095
31142,3,1,10.2779144613312,27099,31631,27099,10.9090909090909,22000,2.8e-06,31631
31147,5,0,22.5658160995717,32675,32677,27104,18.1818181818182,22000,4.6e-06,33997
31147,6,1,22.5658160995717,27104,33997,27104,21.8181818181818,22000,5.5e-06,33997
31154,4,1,14.2128311101863,27113,31323,27113,14.5454545454545,22000,3.7e-06,31323
31157,6,1,21.5929149332726,27117,31200,27117,21.8181818181818,22000,5.5e-06,31200
31181,10,1,36.3810817359448,27132,36365,27132,36.3636363636364,22000,9.1e-06,36365
31182,4,1,14.2090452054725,27133,30362,27133,14.5454545454545,22000,3.7e-06,30362
31184,8,1,28.0817065151005,27134,30339,27134,29.0909090909091,22000,7.3e-06,30339
31189,10,1,36.1437144463721,27141,33126,27141,36.3636363636364,22000,9.1e-06,33126
31192,1,0,6.9702582360193,35909,35912,27144,3.63636363636364,22000,1e-06,55491
31192,2,1,6.9702582360193,27144,55491,27144,7.27272727272727,22000,1.9e-06,55491
31193,7,1,24.7783385387154,27145,30677,27145,25.4545454545455,22000,6.4e-06,30677
31194,9,1,32.1502907483492,27145,30612,27145,32.7272727272727,22000,8.2e-06,30612
31211,6,1,22.8113992993553,27157,31929,27157,21.8181818181818,22000,5.5e-06,31929
31214,4,1,14.9883224431582,27159,32216,27159,14.5454545454545,22000,3.7e-06,32216
31216,8,1,30.372495033538,27160,30691,27160,29.0909090909091,22000,7.3e-06,30691
31219,6,1,22.1027507851129,27161,39270,27161,21.8181818181818,22000,5.5e-06,39270
31220,9,1,33.2306579911137,27161,30198,27161,32.7272727272727,22000,8.2e-06,30198
31226,9,1,33.2519783900613,27164,30381,27164,32.7272727272727,22000,8.2e-06,30381
31228,3,1,10.3073017272812,27167,30868,27167,10.9090909090909,22000,2.8e-06,30868
31232,3,1,10.5089107845717,27168,34190,27168,10.9090909090909,22000,2.8e-06,34190
31239,10,1,36.8905096136149,27171,32461,27171,36.3636363636364,22000,9.1e-06,32461
31242,4,1,14.6944737319539,27172,31563,27172,14.5454545454545,22000,3.7e-06,31563
31248,9,1,32.7770811407021,27179,36282,27179,32.7272727272727,22000,8.2e-06,36282
31249,7,1,25.4325062804939,27180,41501,27180,25.4545454545455,22000,6.4e-06,41501
31255,5,1,17.8849549609972,27183,49472,27183,18.1818181818182,22000,4.6e-06,49472
31258,5,1,18.7757041579557,27184,30202,27184,18.1818181818182,22000,4.6e-06,30202
31262,3,1,10.3930773153014,27187,31706,27187,10.9090909090909,22000,2.8e-06,31706
31269,10,1,35.9805390129866,27196,31941,27196,36.3636363636364,22000,9.1e-06,31941
31271,10,1,36.6444351402245,27198,30180,27198,36.3636363636364,22000,9.1e-06,30180
31272,1,1,4.39647758171199,27199,62899,27199,3.63636363636364,22000,1e-06,62899
31273,4,1,14.0331622334131,27199,32221,27199,14.5454545454545,22000,3.7e-06,32221
31277,8,0,25.5914590833976,29773,29809,27203,29.0909090909091,22000,7.3e-06,33058
31277,7,1,25.5914590833976,27203,33058,27203,25.4545454545455,22000,6.4e-06,33058
31281,9,0,35.7612211627829,28605,28606,27204,32.7272727272727,22000,8.2e-06,31879
31281,10,1,35.7612211627829,27204,31879,27204,36.3636363636364,22000,9.1e-06,31879
31282,6,1,21.4520456674657,27205,33489,27205,21.8181818181818,22000,5.5e-06,33489
31285,8,1,28.8600275714323,27207,30641,27207,29.0909090909091,22000,7.3e-06,30641
31287,5,1,17.7571226288715,27208,32372,27208,18.1818181818182,22000,4.6e-06,32372
31294,9,1,33.3605186958662,27211,30693,27211,32.7272727272727,22000,8.2e-06,30693
31296,3,1,9.92235740651042,27213,31851,27213,10.9090909090909,22000,2.8e-06,31851
31299,5,1,18.1170205036028,27214,36567,27214,18.1818181818182,22000,4.6e-06,36567
31303,4,1,15.2954940251807,27216,36560,27216,14.5454545454545,22000,3.7e-06,36560
31308,6,1,22.5426491882296,27219,34002,27219,21.8181818181818,22000,5.5e-06,34002
31310,7,1,25.9084078003147,27221,30400,27221,25.4545454545455,22000,6.4e-06,30400
31313,3,1,11.7185801999839,27224,46687,27224,10.9090909090909,22000,2.8e-06,46687
31316,2,1,8.87561250737918,27226,30687,27226,7.27272727272727,22000,1.9e-06,30687
31317,4,1,14.0980483902234,27226,31347,27226,14.5454545454545,22000,3.7e-06,31347
31318,5,1,18.9693455094982,27226,34961,27226,18.1818181818182,22000,4.6e-06,34961
31319,10,1,36.5593459722927,27227,40357,27227,36.3636363636364,22000,9.1e-06,40357
31322,10,1,36.6992106122254,27230,46460,27230,36.3636363636364,22000,9.1e-06,46460
31328,5,1,17.2789041648145,27235,36928,27235,18.1818181818182,22000,4.6e-06,36928
31348,8,1,29.1625315034083,27246,36362,27246,29.0909090909091,22000,7.3e-06,36362
31350,1,1,2.70259540957646,27248,39364,27248,3.63636363636364,22000,1e-06,39364
31353,2,1,6.01009676052665,27249,34056,27249,7.27272727272727,22000,1.9e-06,34056
31354,5,1,17.807800950882,27250,32085,27250,18.1818181818182,22000,4.6e-06,32085
31359,2,1,7.17391786026152,27255,33226,27255,7.27272727272727,22000,1.9e-06,33226
31360,7,1,24.5746812328947,27256,31932,27256,25.4545454545455,22000,6.4e-06,31932
31362,8,1,28.9653902119073,27258,36592,27258,29.0909090909091,22000,7.3e-06,36592
31363,1,1,4.16477096204155,27259,56823,27259,3.63636363636364,22000,1e-06,56823
31366,4,1,15.4437710472885,27262,30625,27262,14.5454545454545,22000,3.7e-06,30625
31371,7,1,24.3167917247704,27265,30741,27265,25.4545454545455,22000,6.4e-06,30741
31376,10,1,35.7665424002907,27271,32722,27271,36.3636363636364,22000,9.1e-06,32722
31383,7,1,25.5388340794782,27276,31488,27276,25.4545454545455,22000,6.4e-06,31488
31389,7,1,25.594136747032,27279,40517,27279,25.4545454545455,22000,6.4e-06,40517
31395,8,0,26.1160477686267,29743,29747,27285,29.0909090909091,22000,7.3e-06,30950
31395,7,1,26.1160477686267,27285,30950,27285,25.4545454545455,22000,6.4e-06,30950
31398,3,1,11.6863775034462,27287,31978,27287,10.9090909090909,22000,2.8e-06,31978
31399,8,1,29.1822319350739,27287,30812,27287,29.0909090909091,22000,7.3e-06,30812
31406,2,1,7.75616719596403,27295,37903,27295,7.27272727272727,22000,1.9e-06,37903
31411,2,1,8.11101860315445,27297,31587,27297,7.27272727272727,22000,1.9e-06,31587
31439,9,1,32.5632690416799,27320,35396,27320,32.7272727272727,22000,8.2e-06,35396
31442,8,1,29.2900999417407,27322,31914,27322,29.0909090909091,22000,7.3e-06,31914
31446,10,1,36.9693393034977,27324,31014,27324,36.3636363636364,22000,9.1e-06,31014
31450,1,1,2.38783574489813,27326,38060,27326,3.63636363636364,22000,1e-06,38060
31453,10,1,35.9618174714343,27329,30565,27329,36.3636363636364,22000,9.1e-06,30565
31459,10,1,36.0269529488857,27333,30577,27333,36.3636363636364,22000,9.1e-06,30577
31462,7,1,25.7535552013471,27337,30463,27337,25.4545454545455,22000,6.4e-06,30463
31467,2,1,7.33796009205789,27342,67252,27342,7.27272727272727,22000,1.9e-06,67252
31468,6,1,21.5604678810065,27342,32648,27342,21.8181818181818,22000,5.5e-06,32648
31469,3,1,11.0365328011063,27344,30379,27344,10.9090909090909,22000,2.8e-06,30379
31473,6,1,21.2999552450948,27346,37040,27346,21.8181818181818,22000,5.5e-06,37040
31474,7,1,25.2502596841811,27346,30492,27346,25.4545454545455,22000,6.4e-06,30492
31479,2,0,4.6178641779227,30565,30629,27348,7.27272727272727,22000,1.9e-06,36834
31479,1,1,4.6178641779227,27348,36834,27348,3.63636363636364,22000,1e-06,36834
31481,5,1,17.9248277478678,27351,30220,27351,18.1818181818182,22000,4.6e-06,30220
31486,10,1,36.8334515234708,27352,33404,27352,36.3636363636364,22000,9.1e-06,33404
31487,3,1,11.4657540153752,27353,39090,27353,10.9090909090909,22000,2.8e-06,39090
31490,1,1,4.45500423230608,27359,37542,27359,3.63636363636364,22000,1e-06,37542
31496,8,1,28.9121246255292,27362,32026,27362,29.0909090909091,22000,7.3e-06,32026
31498,8,1,29.7536167570314,27363,34127,27363,29.0909090909091,22000,7.3e-06,34127
31513,9,1,33.1241737369078,27372,34100,27372,32.7272727272727,22000,8.2e-06,34100
31515,8,1,28.9273294636199,27373,32428,27373,29.0909090909091,22000,7.3e-06,32428
31518,10,1,36.9034692784264,27374,34685,27374,36.3636363636364,22000,9.1e-06,34685
31522,6,1,22.3424303046251,27376,30030,27376,21.8181818181818,22000,5.5e-06,30030
31524,8,1,29.5312675845325,27376,30966,27376,29.0909090909091,22000,7.3e-06,30966
31525,1,1,2.02166141538273,27377,35281,27377,3.63636363636364,22000,1e-06,35281
31534,5,1,18.6819453091889,27385,36781,27385,18.1818181818182,22000,4.6e-06,36781
31535,1,1,2.8611326063497,27387,39337,27387,3.63636363636364,22000,1e-06,39337
31538,6,1,22.4536842025583,27389,30398,27389,21.8181818181818,22000,5.5e-06,30398
31547,8,1,29.5257381146233,27393,30693,27393,29.0909090909091,22000,7.3e-06,30693
31550,7,1,24.4581637706969,27397,30449,27397,25.4545454545455,22000,6.4e-06,30449
31553,8,1,27.8271325399394,27401,30800,27401,29.0909090909091,22000,7.3e-06,30800
31554,10,1,36.4488821273231,27401,40570,27401,36.3636363636364,22000,9.1e-06,40570
31561,6,1,22.4237242812373,27407,32618,27407,21.8181818181818,22000,5.5e-06,32618
31563,9,1,33.233532608744,27408,31361,27408,32.7272727272727,22000,8.2e-06,31361
31567,1,1,2.77751300262748,27410,65670,27410,3.63636363636364,22000,1e-06,65670
31570,7,1,25.8655272168254,27413,32210,27413,25.4545454545455,22000,6.4e-06,32210
31571,7,1,24.7131893218818,27414,34271,27414,25.4545454545455,22000,6.4e-06,34271
31577,8,1,29.6783025184301,27417,36906,27417,29.0909090909091,22000,7.3e-06,36906
31585,6,1,21.3553875557709,27424,31265,27424,21.8181818181818,22000,5.5e-06,31265
31586,8,1,28.825252179937,27424,31669,27424,29.0909090909091,22000,7.3e-06,31669
31589,9,1,31.7794848163835,27425,33031,27425,32.7272727272727,22000,8.2e-06,33031
31590,5,1,17.2850740187931,27427,30947,27427,18.1818181818182,22000,4.6e-06,30947
31591,8,1,29.6825163825884,27427,31755,27427,29.0909090909091,22000,7.3e-06,31755
31593,3,1,11.0698701841607,27428,30900,27428,10.9090909090909,22000,2.8e-06,30900
31594,4,1,14.1678034458571,27430,31866,27430,14.5454545454545,22000,3.7e-06,31866
31611,7,1,25.1115145642157,27439,31487,27439,25.4545454545455,22000,6.4e-06,31487
31614,3,1,10.0956875841665,27442,31632,27442,10.9090909090909,22000,2.8e-06,31632
31623,2,1,7.88708771347485,27451,30165,27451,7.27272727272727,22000,1.9e-06,30165
31624,5,1,18.5392607611745,27451,33480,27451,18.1818181818182,22000,4.6e-06,33480
31638,9,1,31.7916503848334,27456,35097,27456,32.7272727272727,22000,8.2e-06,35097
31642,3,1,10.2585020743641,27460,30885,27460,10.9090909090909,22000,2.8e-06,30885
31643,8,1,30.1939666800316,27460,31269,27460,29.0909090909091,22000,7.3e-06,31269
31649,5,0,21.8351190010846,31940,31945,27466,18.1818181818182,22000,4.6e-06,33150
31649,6,1,21.8351190010846,27466,33150,27466,21.8181818181818,22000,5.5e-06,33150
31650,9,0,37.0995727487743,28956,28957,27466,32.7272727272727,22000,8.2e-06,30263
31650,10,1,37.0995727487743,27466,30263,27466,36.3636363636364,22000,9.1e-06,30263
31654,7,1,24.8383255009511,27468,32435,27468,25.4545454545455,22000,6.4e-06,32435
31658,8,1,28.8214879862012,27471,36112,27471,29.0909090909091,22000,7.3e-06,36112
31664,5,1,17.645056196113,27476,32998,27476,18.1818181818182,22000,4.6e-06,32998
31665,7,1,25.3359886148013,27476,30867,27476,25.4545454545455,22000,6.4e-06,30867
31666,2,1,7.68561752177152,27479,31185,27479,7.27272727272727,22000,1.9e-06,31185
31668,9,1,33.1566124306589,27482,33161,27482,32.7272727272727,22000,8.2e-06,33161
31672,3,1,10.9149007181701,27484,48322,27484,10.9090909090909,22000,2.8e-06,48322
31673,10,1,36.8873323107995,27484,32289,27484,36.3636363636364,22000,9.1e-06,32289
31676,3,1,10.7185237162173,27486,36096,27486,10.9090909090909,22000,2.8e-06,36096
31677,8,1,28.649412913348,27487,34761,27487,29.0909090909091,22000,7.3e-06,34761
31683,7,1,24.7883010688793,27496,31064,27496,25.4545454545455,22000,6.4e-06,31064
31684,8,1,29.8827509259952,27497,30408,27497,29.0909090909091,22000,7.3e-06,30408
31686,5,1,17.7253474240246,27499,35384,27499,18.1818181818182,22000,4.6e-06,35384
31688,4,1,15.3887630217528,27500,30660,27500,14.5454545454545,22000,3.7e-06,30660
31691,9,1,33.5808177613984,27502,32583,27502,32.7272727272727,22000,8.2e-06,32583
31694,5,0,21.8708257357688,29433,29434,27504,18.1818181818182,22000,4.6e-06,30247
31694,6,1,21.8708257357688,27504,30247,27504,21.8181818181818,22000,5.5e-06,30247
31700,9,1,32.2550300763904,27507,30182,27507,32.7272727272727,22000,8.2e-06,30182
31702,8,1,29.1655689622049,27511,31122,27511,29.0909090909091,22000,7.3e-06,31122
31706,5,1,18.7937814276338,27513,42559,27513,18.1818181818182,22000,4.6e-06,42559
31707,6,1,20.913716179621,27513,34238,27513,21.8181818181818,22000,5.5e-06,34238
31712,5,1,17.1443524509867,27516,30037,27516,18.1818181818182,22000,4.6e-06,30037
31716,7,1,24.6333186008772,27518,30597,27518,25.4545454545455,22000,6.4e-06,30597
31719,7,1,24.3727488850732,27521,30035,27521,25.4545454545455,22000,6.4e-06,30035
31726,9,1,32.3259937588264,27526,37007,27526,32.7272727272727,22000,8.2e-06,37007
31735,2,1,6.60750544557387,27532,38046,27532,7.27272727272727,22000,1.9e-06,38046
31747,9,1,32.3717788886989,27536,30427,27536,32.7272727272727,22000,8.2e-06,30427
31748,5,1,18.9344466666865,27538,32681,27538,18.1818181818182,22000,4.6e-06,32681
31762,7,1,26.1369410048748,27550,35219,27550,25.4545454545455,22000,6.4e-06,35219
31764,7,1,26.0287160267514,27552,31039,27552,25.4545454545455,22000,6.4e-06,31039
31770,9,1,33.578288332169,27557,30693,27557,32.7272727272727,22000,8.2e-06,30693
31772,9,1,32.8127402104927,27558,40079,27558,32.7272727272727,22000,8.2e-06,40079
31775,9,1,32.4794349592979,27560,33162,27560,32.7272727272727,22000,8.2e-06,33162
31777,6,1,21.9945058360531,27561,31779,27561,21.8181818181818,22000,5.5e-06,31779
31778,8,1,29.4071476434483,27562,34140,27562,29.0909090909091,22000,7.3e-06,34140
31779,10,1,36.6490395831948,27563,32820,27563,36.3636363636364,22000,9.1e-06,32820
31782,9,1,32.9179515869388,27564,35616,27564,32.7272727272727,22000,8.2e-06,35616
31783,3,1,11.7962681377625,27565,37984,27565,10.9090909090909,22000,2.8e-06,37984
31784,10,1,36.2193729760334,27565,31066,27565,36.3636363636364,22000,9.1e-06,31066
31788,9,1,31.6632457732209,27567,30011,27567,32.7272727272727,22000,8.2e-06,30011
31790,7,1,25.816844874355,27570,30298,27570,25.4545454545455,22000,6.4e-06,30298
31791,8,1,29.838996672064,27571,33456,27571,29.0909090909091,22000,7.3e-06,33456
31792,5,1,18.3466450364289,27572,31270,27572,18.1818181818182,22000,4.6e-06,31270
31797,9,1,32.6482539599042,27575,34836,27575,32.7272727272727,22000,8.2e-06,34836
31799,1,1,2.90434698641575,27577,32605,27577,3.63636363636364,22000,1e-06,32605
31800,3,1,10.281945976616,27578,32341,27578,10.9090909090909,22000,2.8e-06,32341
31806,6,1,21.1853632207048,27580,31965,27580,21.8181818181818,22000,5.5e-06,31965
31812,2,1,6.13068689083716,27585,33721,27585,7.27272727272727,22000,1.9e-06,33721
31818,3,1,11.1195092030066,27591,35102,27591,10.9090909090909,22000,2.8e-06,35102
31827,8,1,28.6319932631732,27599,35726,27599,29.0909090909091,22000,7.3e-06,35726
31833,6,1,21.7286434819245,27606,33608,27606,21.8181818181818,22000,5.5e-06,33608
31834,9,1,33.6007953100032,27606,31934,27606,32.7272727272727,22000,8.2e-06,31934
31839,9,1,32.2230488579785,27608,32775,27608,32.7272727272727,22000,8.2e-06,32775
31843,8,1,29.5750539093656,27612,40111,27612,29.0909090909091,22000,7.3e-06,40111
31846,2,1,7.62749529006865,27618,52597,27618,7.27272727272727,22000,1.9e-06,52597
31848,10,1,35.4720942601987,27618,30241,27618,36.3636363636364,22000,9.1e-06,30241
31857,2,1,7.6682955984801,27623,30832,27623,7.27272727272727,22000,1.9e-06,30832
31859,5,1,18.5555041746962,27624,31503,27624,18.1818181818182,22000,4.6e-06,31503
31860,7,1,25.6899379432519,27624,35237,27624,25.4545454545455,22000,6.4e-06,35237
31864,10,1,36.0140738283893,27632,31742,27632,36.3636363636364,22000,9.1e-06,31742
31867,2,1,7.29238331487678,27635,37758,27635,7.27272727272727,22000,1.9e-06,37758
31868,6,1,21.3751968354979,27635,40136,27635,21.8181818181818,22000,5.5e-06,40136
31870,2,1,8.23473591967789,27639,31604,27639,7.27272727272727,22000,1.9e-06,31604
31874,4,1,15.3434696999753,27642,30659,27642,14.5454545454545,22000,3.7e-06,30659
31876,2,1,6.02442286875576,27644,31603,27644,7.27272727272727,22000,1.9e-06,31603
31882,2,1,6.96393668306052,27649,32788,27649,7.27272727272727,22000,1.9e-06,32788
31886,5,1,17.3421549675799,27650,33266,27650,18.1818181818182,22000,4.6e-06,33266
31888,8,1,29.6529566033183,27651,31421,27651,29.0909090909091,22000,7.3e-06,31421
31892,6,1,21.8973020470297,27655,31393,27655,21.8181818181818,22000,5.5e-06,31393
31903,7,1,24.8152423965398,27662,30503,27662,25.4545454545455,22000,6.4e-06,30503
31907,8,1,29.7860791368149,27665,32168,27665,29.0909090909091,22000,7.3e-06,32168
31910,3,1,10.5219520769268,27667,53892,27667,10.9090909090909,22000,2.8e-06,53892
31912,10,1,36.3899588017177,27668,33285,27668,36.3636363636364,22000,9.1e-06,33285
31913,2,1,7.12648069213901,27669,34584,27669,7.27272727272727,22000,1.9e-06,34584
31916,8,1,29.1385832766026,27671,30828,27671,29.0909090909091,22000,7.3e-06,30828
31917,10,1,36.3416978264476,27671,32498,27671,36.3636363636364,22000,9.1e-06,32498
31921,3,1,11.1179268838467,27675,32313,27675,10.9090909090909,22000,2.8e-06,32313
31925,10,1,37.0201290734326,27678,33172,27678,36.3636363636364,22000,9.1e-06,33172
31929,10,1,36.8660727711002,27681,34824,27681,36.3636363636364,22000,9.1e-06,34824
31933,10,1,36.7532273668378,27683,30241,27683,36.3636363636364,22000,9.1e-06,30241
31941,9,1,33.1559806252804,27689,31117,27689,32.7272727272727,22000,8.2e-06,31117
31942,3,1,12.4249881473669,27690,30245,27690,10.9090909090909,22000,2.8e-06,30245
31947,8,1,29.2413218784711,27693,31320,27693,29.0909090909091,22000,7.3e-06,31320
31949,5,1,17.8110124937041,27695,35064,27695,18.1818181818182,22000,4.6e-06,35064
31956,1,1,2.73928055343382,27700,42047,27700,3.63636363636364,22000,1e-06,42047
31957,10,0,32.2980261870804,30356,30360,27700,36.3636363636364,22000,9.1e-06,32014
31957,10,0,32.2980261870804,28084,28085,27700,36.3636363636364,22000,9.1e-06,32014
31957,9,1,32.2980261870804,27700,32014,27700,32.7272727272727,22000,8.2e-06,32014
31959,6,0,18.3617618032613,31978,32001,27701,21.8181818181818,22000,5.5e-06,41086
31959,5,1,18.3617618032613,27701,41086,27701,18.1818181818182,22000,4.6e-06,41086
31961,7,1,24.7492755664673,27703,32062,27703,25.4545454545455,22000,6.4e-06,32062
31971,9,1,32.0920220202563,27709,31903,27709,32.7272727272727,22000,8.2e-06,31903
31973,4,1,15.1064085734329,27715,30165,27715,14.5454545454545,22000,3.7e-06,30165
31974,8,1,29.2351347640583,27715,37671,27715,29.0909090909091,22000,7.3e-06,37671
31976,3,1,10.834640382704,27716,31526,27716,10.9090909090909,22000,2.8e-06,31526
31978,5,1,18.8364847776677,27716,30254,27716,18.1818181818182,22000,4.6e-06,30254
31980,4,1,15.3732766709645,27717,30280,27717,14.5454545454545,22000,3.7e-06,30280
31983,5,1,17.9412338419117,27718,31318,27718,18.1818181818182,22000,4.6e-06,31318
31985,7,1,25.2548880567013,27718,37286,27718,25.4545454545455,22000,6.4e-06,37286
31986,8,1,29.4695222328392,27718,30431,27718,29.0909090909091,22000,7.3e-06,30431
31987,4,1,15.8196070722825,27719,30222,27719,14.5454545454545,22000,3.7e-06,30222
32004,3,1,11.0495934214526,27731,32879,27731,10.9090909090909,22000,2.8e-06,32879
32008,8,1,28.647615682515,27734,31626,27734,29.0909090909091,22000,7.3e-06,31626
32018,10,1,36.4131498078098,27742,30796,27742,36.3636363636364,22000,9.1e-06,30796
32025,9,1,32.5512667063905,27747,32015,27747,32.7272727272727,22000,8.2e-06,32015
32027,6,1,20.7930355486619,27748,30725,27748,21.8181818181818,22000,5.5e-06,30725
32029,2,1,8.49442210964308,27749,43704,27749,7.27272727272727,22000,1.9e-06,43704
32047,9,1,32.4529266469777,27759,31019,27759,32.7272727272727,22000,8.2e-06,31019
32048,7,1,26.4488266065328,27762,30247,27762,25.4545454545455,22000,6.4e-06,30247
32052,6,1,21.2475672374111,27766,35599,27766,21.8181818181818,22000,5.5e-06,35599
32053,8,1,29.6249928702664,27767,33654,27767,29.0909090909091,22000,7.3e-06,33654
32065,6,1,23.4598597963953,27776,30673,27776,21.8181818181818,22000,5.5e-06,30673
32066,7,1,26.708272511147,27776,30181,27776,25.4545454545455,22000,6.4e-06,30181
32068,5,1,18.4313922033049,27777,31609,27777,18.1818181818182,22000,4.6e-06,31609
32074,5,1,18.3695762673253,27781,30582,27781,18.1818181818182,22000,4.6e-06,30582
32075,7,1,25.0654116375859,27781,39206,27781,25.4545454545455,22000,6.4e-06,39206
32076,10,1,35.2197800939093,27781,30238,27781,36.3636363636364,22000,9.1e-06,30238
32078,5,0,22.8704683876021,28163,28164,27785,18.1818181818182,22000,4.6e-06,30371
32078,6,1,22.8704683876021,27785,30371,27785,21.8181818181818,22000,5.5e-06,30371
32081,7,1,25.617184826014,27786,34112,27786,25.4545454545455,22000,6.4e-06,34112
32085,6,1,22.8347382886926,27789,31294,27789,21.8181818181818,22000,5.5e-06,31294
32088,8,1,29.0064390348326,27790,31222,27790,29.0909090909091,22000,7.3e-06,31222
32096,9,0,29.2037782116868,30471,30478,27792,32.7272727272727,22000,8.2e-06,39107
32096,8,1,29.2037782116868,27792,39107,27792,29.0909090909091,22000,7.3e-06,39107
32097,8,1,28.5367179461954,27792,34165,27792,29.0909090909091,22000,7.3e-06,34165
32099,4,1,15.2052227549331,27794,31115,27794,14.5454545454545,22000,3.7e-06,31115
32100,9,1,31.7970172887325,27795,30825,27795,32.7272727272727,22000,8.2e-06,30825
32106,7,1,25.0890677699903,27805,32684,27805,25.4545454545455,22000,6.4e-06,32684
32109,6,1,21.5027284846136,27806,33955,27806,21.8181818181818,22000,5.5e-06,33955
32110,5,1,17.6171552007731,27809,31327,27809,18.1818181818182,22000,4.6e-06,31327
32111,8,1,29.9639966138512,27809,30229,27809,29.0909090909091,22000,7.3e-06,30229
32116,10,1,35.3030972507845,27811,31109,27811,36.3636363636364,22000,9.1e-06,31109
32117,6,1,21.4019177621349,27812,31693,27812,21.8181818181818,22000,5.5e-06,31693
32122,3,1,10.7122559654482,27816,30294,27816,10.9090909090909,22000,2.8e-06,30294
32127,7,1,26.2375039771384,27820,32601,27820,25.4545454545455,22000,6.4e-06,32601
32132,10,1,35.9923127425638,27824,31965,27824,36.3636363636364,22000,9.1e-06,31965
32133,10,1,37.1196073404482,27824,30496,27824,36.3636363636364,22000,9.1e-06,30496
32135,9,1,33.1209255223335,27826,36111,27826,32.7272727272727,22000,8.2e-06,36111
32143,10,1,36.7639012521194,27833,32629,27833,36.3636363636364,22000,9.1e-06,32629
32146,9,1,32.579332083845,27835,31326,27835,32.7272727272727,22000,8.2e-06,31326
32147,9,1,33.4119137447257,27836,30934,27836,32.7272727272727,22000,8.2e-06,30934
32149,1,1,4.06793942226277,27838,35627,27838,3.63636363636364,22000,1e-06,35627
32151,8,0,33.2049651847107,30542,30543,27838,29.0909090909091,22000,7.3e-06,31054
32151,9,1,33.2049651847107,27838,31054,27838,32.7272727272727,22000,8.2e-06,31054
32155,8,0,25.5725134976149,34494,34505,27841,29.0909090909091,22000,7.3e-06,38128
32155,7,1,25.5725134976149,27841,38128,27841,25.4545454545455,22000,6.4e-06,38128
32159,10,1,36.7561484647677,27846,31296,27846,36.3636363636364,22000,9.1e-06,31296
32162,10,1,37.2224537193334,27849,30630,27849,36.3636363636364,22000,9.1e-06,30630
32165,10,1,35.9899742438833,27850,30469,27850,36.3636363636364,22000,9.1e-06,30469
32172,5,1,17.5831342637703,27858,33520,27858,18.1818181818182,22000,4.6e-06,33520
32184,10,1,36.6216864871787,27873,32742,27873,36.3636363636364,22000,9.1e-06,32742
32188,8,1,28.9094124211532,27874,30566,27874,29.0909090909091,22000,7.3e-06,30566
32191,9,1,32.505187679382,27875,36763,27875,32.7272727272727,22000,8.2e-06,36763
32192,10,1,35.6095424594983,27875,30423,27875,36.3636363636364,22000,9.1e-06,30423
32194,8,1,29.8624559771056,27879,35818,27879,29.0909090909091,22000,7.3e-06,35818
32198,3,1,10.247419718418,27885,33895,27885,10.9090909090909,22000,2.8e-06,33895
32207,10,1,35.938843185131,27891,33651,27891,36.3636363636364,22000,9.1e-06,33651
32208,9,1,33.7455039408278,27892,30218,27892,32.7272727272727,22000,8.2e-06,30218
32215,9,1,32.5493894693291,27896,32555,27896,32.7272727272727,22000,8.2e-06,32555
32216,9,1,33.0160411386837,27896,33036,27896,32.7272727272727,22000,8.2e-06,33036
32221,7,1,25.2476789358866,27898,31538,27898,25.4545454545455,22000,6.4e-06,31538
32226,1,1,3.2757520420933,27906,30736,27906,3.63636363636364,22000,1e-06,30736
32227,4,1,14.7964737163291,27906,36417,27906,14.5454545454545,22000,3.7e-06,36417
32228,8,0,32.9633488656859,30060,30061,27906,29.0909090909091,22000,7.3e-06,30968
32228,9,1,32.9633488656859,27906,30968,27906,32.7272727272727,22000,8.2e-06,30968
32230,9,1,32.1200842828325,27908,30003,27908,32.7272727272727,22000,8.2e-06,30003
32232,9,1,33.0221621550716,27910,34291,27910,32.7272727272727,22000,8.2e-06,34291
32233,1,1,3.45238225687915,27911,41826,27911,3.63636363636364,22000,1e-06,41826
32236,3,1,10.3945571583053,27912,32329,27912,10.9090909090909,22000,2.8e-06,32329
32239,4,1,15.0280872112679,27915,34273,27915,14.5454545454545,22000,3.7e-06,34273
32243,5,1,18.8272883738682,27919,35371,27919,18.1818181818182,22000,4.6e-06,35371
32249,9,1,32.8854829502013,27926,30787,27926,32.7272727272727,22000,8.2e-06,30787
32255,6,1,20.698951683929,27931,31018,27931,21.8181818181818,22000,5.5e-06,31018
32257,7,1,24.7994238000349,27933,30979,27933,25.4545454545455,22000,6.4e-06,30979
32264,9,1,31.7757905362672,27941,30422,27941,32.7272727272727,22000,8.2e-06,30422
32265,8,1,28.4071834006672,27942,32307,27942,29.0909090909091,22000,7.3e-06,32307
32266,10,1,36.8413436264022,27942,31225,27942,36.3636363636364,22000,9.1e-06,31225
32267,4,1,14.8030666661517,27943,41431,27943,14.5454545454545,22000,3.7e-06,41431
32268,7,1,24.9972296946068,27943,31630,27943,25.4545454545455,22000,6.4e-06,31630
32270,7,1,24.8569727872263,27944,36859,27944,25.4545454545455,22000,6.4e-06,36859
32271,7,1,25.4650804175537,27946,39728,27946,25.4545454545455,22000,6.4e-06,39728
32273,3,1,10.9088731544889,27947,42177,27947,10.9090909090909,22000,2.8e-06,42177
32275,6,1,21.9187140637033,27948,35448,27948,21.8181818181818,22000,5.5e-06,35448
32276,3,0,7.58481961322207,30601,30612,27949,10.9090909090909,22000,2.8e-06,32539
32276,2,1,7.58481961322207,27949,32539,27949,7.27272727272727,22000,1.9e-06,32539
32279,10,1,36.0982132303435,27952,30910,27952,36.3636363636364,22000,9.1e-06,30910
32291,5,1,17.411059252392,27959,43852,27959,18.1818181818182,22000,4.6e-06,43852
32293,10,1,36.5388584873922,27960,30886,27960,36.3636363636364,22000,9.1e-06,30886
32295,7,1,24.612166265278,27961,30168,27961,25.4545454545455,22000,6.4e-06,30168
32298,10,1,36.0687841101779,27964,38529,27964,36.3636363636364,22000,9.1e-06,38529
32302,7,1,25.2809057710768,27967,31323,27967,25.4545454545455,22000,6.4e-06,31323
32305,4,1,15.6310903516013,27970,32882,27970,14.5454545454545,22000,3.7e-06,32882
32308,4,1,13.7002376174954,27972,31580,27972,14.5454545454545,22000,3.7e-06,31580
32311,4,1,14.5505647118899,27974,45733,27974,14.5454545454545,22000,3.7e-06,45733
32314,7,1,25.2306927376077,27976,30893,27976,25.4545454545455,22000,6.4e-06,30893
32315,2,1,6.12501188313677,27977,35753,27977,7.27272727272727,22000,1.9e-06,35753
32316,10,1,35.8451154035212,27977,36282,27977,36.3636363636364,22000,9.1e-06,36282
32317,8,1,28.9848450239505,27978,34323,27978,29.0909090909091,22000,7.3e-06,34323
32318,5,1,17.6124315139632,27980,33130,27980,18.1818181818182,22000,4.6e-06,33130
32321,9,1,33.0068558572328,27981,31717,27981,32.7272727272727,22000,8.2e-06,31717
32322,6,1,20.5245401642014,27983,30732,27983,21.8181818181818,22000,5.5e-06,30732
32331,8,1,28.717805625997,27989,38614,27989,29.0909090909091,22000,7.3e-06,38614
32336,4,1,14.1940038392185,27997,30082,27997,14.5454545454545,22000,3.7e-06,30082
32343,8,1,29.2181213648089,28004,38635,28004,29.0909090909091,22000,7.3e-06,38635
32344,9,1,32.8603610365654,28005,31676,28005,32.7272727272727,22000,8.2e-06,31676
32348,9,1,32.5950315717772,28007,30995,28007,32.7272727272727,22000,8.2e-06,30995
32349,7,1,26.2012901178176,28008,35550,28008,25.4545454545455,22000,6.4e-06,35550
32352,5,1,18.2238275892782,28011,30257,28011,18.1818181818182,22000,4.6e-06,30257
32353,7,1,25.6355632149351,28012,30969,28012,25.4545454545455,22000,6.4e-06,30969
32355,10,1,35.3739949918223,28012,30420,28012,36.3636363636364,22000,9.1e-06,30420
32361,4,1,12.8873135378411,28019,30873,28019,14.5454545454545,22000,3.7e-06,30873
32364,4,1,14.3639937084619,28023,35820,28023,14.5454545454545,22000,3.7e-06,35820
32365,6,1,21.7290625756467,28023,34367,28023,21.8181818181818,22000,5.5e-06,34367
32369,8,1,28.3385787841405,28027,33893,28027,29.0909090909091,22000,7.3e-06,33893
32372,3,1,10.53042153221,28032,46441,28032,10.9090909090909,22000,2.8e-06,46441
32372,2,0,10.53042153221,44576,44597,28032,7.27272727272727,22000,1.9e-06,46441
32374,9,1,31.8877192432943,28034,32696,28034,32.7272727272727,22000,8.2e-06,32696
32379,8,1,28.7924254709391,28038,31193,28038,29.0909090909091,22000,7.3e-06,31193
32382,8,1,29.2540801456241,28041,31284,28041,29.0909090909091,22000,7.3e-06,31284
32384,3,1,11.1683542660879,28042,49077,28042,10.9090909090909,22000,2.8e-06,49077
32386,1,1,2.79064026457616,28043,58113,28043,3.63636363636364,22000,1e-06,58113
32387,5,1,18.4986986136004,28043,43398,28043,18.1818181818182,22000,4.6e-06,43398
32388,6,1,22.2634675441585,28043,35260,28043,21.8181818181818,22000,5.5e-06,35260
32390,2,1,7.5654125514571,28045,42314,28045,7.27272727272727,22000,1.9e-06,42314
32392,6,1,21.793214436787,28048,32223,28048,21.8181818181818,22000,5.5e-06,32223
32393,6,1,21.7852077735599,28048,33244,28048,21.8181818181818,22000,5.5e-06,33244
32394,6,1,21.8537630336063,28049,30733,28049,21.8181818181818,22000,5.5e-06,30733
32395,9,1,32.6183324723561,28049,30260,28049,32.7272727272727,22000,8.2e-06,30260
32397,5,1,19.5184591691657,28051,31617,28051,18.1818181818182,22000,4.6e-06,31617
32398,7,1,26.1763936980446,28051,30346,28051,25.4545454545455,22000,6.4e-06,30346
32399,3,1,10.1578177478851,28054,30126,28054,10.9090909090909,22000,2.8e-06,30126
32403,10,1,36.449140856192,28057,36861,28057,36.3636363636364,22000,9.1e-06,36861
32404,5,1,17.6892513645427,28059,31111,28059,18.1818181818182,22000,4.6e-06,31111
32406,8,1,28.1627348071864,28060,31586,28060,29.0909090909091,22000,7.3e-06,31586
32407,8,1,29.3203680973533,28061,31992,28061,29.0909090909091,22000,7.3e-06,31992
32411,9,1,32.8930383204606,28063,36610,28063,32.7272727272727,22000,8.2e-06,36610
32415,2,1,6.78414943233921,28065,33143,28065,7.27272727272727,22000,1.9e-06,33143
32417,4,1,15.252952382276,28066,30467,28066,14.5454545454545,22000,3.7e-06,30467
32420,4,1,15.27239903983,28067,30282,28067,14.5454545454545,22000,3.7e-06,30282
32430,10,1,36.7727523064962,28078,31765,28078,36.3636363636364,22000,9.1e-06,31765
32433,3,1,10.1259556154183,28079,30815,28079,10.9090909090909,22000,2.8e-06,30815
32437,3,1,10.4108443826988,28082,33786,28082,10.9090909090909,22000,2.8e-06,33786
32440,10,1,35.9919161366813,28082,30202,28082,36.3636363636364,22000,9.1e-06,30202
32445,9,1,31.9384866072566,28086,30596,28086,32.7272727272727,22000,8.2e-06,30596
32446,8,1,28.7099490788007,28087,32378,28087,29.0909090909091,22000,7.3e-06,32378
32447,10,1,36.8336716138324,28087,30429,28087,36.3636363636364,22000,9.1e-06,30429
32449,5,1,18.4645684068743,28088,37805,28088,18.1818181818182,22000,4.6e-06,37805
32453,8,1,29.3700486559479,28089,31710,28089,29.0909090909091,22000,7.3e-06,31710
32454,3,1,11.3227580340946,28090,32296,28090,10.9090909090909,22000,2.8e-06,32296
32455,5,1,19.0925132515704,28091,33489,28091,18.1818181818182,22000,4.6e-06,33489
32457,4,1,15.5661816138608,28093,34554,28093,14.5454545454545,22000,3.7e-06,34554
32468,8,1,29.5197336340023,28100,32901,28100,29.0909090909091,22000,7.3e-06,32901
32474,6,1,22.3206301758195,28105,32690,28105,21.8181818181818,22000,5.5e-06,32690
32478,5,1,18.2403428930427,28106,35227,28106,18.1818181818182,22000,4.6e-06,35227
32480,5,1,18.868209082063,28108,30396,28108,18.1818181818182,22000,4.6e-06,30396
32482,2,1,6.23664451387304,28111,38081,28111,7.27272727272727,22000,1.9e-06,38081
32485,8,1,28.2269230757219,28114,30031,28114,29.0909090909091,22000,7.3e-06,30031
32490,5,1,18.8057932930311,28116,38635,28116,18.1818181818182,22000,4.6e-06,38635
32494,2,1,8.31956172031889,28118,33538,28118,7.27272727272727,22000,1.9e-06,33538
32497,7,1,26.2080683772766,28121,30507,28121,25.4545454545455,22000,6.4e-06,30507
32499,4,1,13.9538423051333,28124,36229,28124,14.5454545454545,22000,3.7e-06,36229
32504,3,1,11.1529766471231,28128,33276,28128,10.9090909090909,22000,2.8e-06,33276
32508,7,1,24.5044832858896,28130,30422,28130,25.4545454545455,22000,6.4e-06,30422
32510,10,1,37.0516629766759,28130,30613,28130,36.3636363636364,22000,9.1e-06,30613
32516,8,1,29.8504123669353,28140,30726,28140,29.0909090909091,22000,7.3e-06,30726
32518,4,1,13.9949635459628,28141,42552,28141,14.5454545454545,22000,3.7e-06,42552
32520,10,1,35.8024162177582,28143,32152,28143,36.3636363636364,22000,9.1e-06,32152
32521,1,1,5.12759765207733,28144,34813,28144,3.63636363636364,22000,1e-06,34813
32523,9,1,32.0337857831902,28144,31518,28144,32.7272727272727,22000,8.2e-06,31518
32528,3,1,11.1659385119377,28148,42146,28148,10.9090909090909,22000,2.8e-06,42146
32530,3,1,10.1080756380443,28149,30180,28149,10.9090909090909,22000,2.8e-06,30180
32532,10,1,35.5318218849016,28151,31734,28151,36.3636363636364,22000,9.1e-06,31734
32533,6,1,21.0753396565734,28153,30794,28153,21.8181818181818,22000,5.5e-06,30794
32534,7,1,25.9932980252562,28153,36443,28153,25.4545454545455,22000,6.4e-06,36443
32536,4,1,14.0573912630048,28159,33188,28159,14.5454545454545,22000,3.7e-06,33188
32540,6,1,21.1429891861789,28164,31297,28164,21.8181818181818,22000,5.5e-06,31297
32541,9,1,32.9882314131536,28165,35985,28165,32.7272727272727,22000,8.2e-06,35985
32554,10,1,36.3334598692624,28175,33053,28175,36.3636363636364,22000,9.1e-06,33053
32556,6,1,21.8414883265388,28177,32907,28177,21.8181818181818,22000,5.5e-06,32907
32559,4,1,14.8129411904561,28178,45799,28178,14.5454545454545,22000,3.7e-06,45799
32564,5,1,18.1416363335324,28182,30886,28182,18.1818181818182,22000,4.6e-06,30886
32565,7,1,24.6983584153446,28182,30746,28182,25.4545454545455,22000,6.4e-06,30746
32567,10,1,36.3186892552834,28183,31095,28183,36.3636363636364,22000,9.1e-06,31095
32570,6,1,21.4891873209984,28184,31768,28184,21.8181818181818,22000,5.5e-06,31768
32575,1,1,4.51065661194746,28190,33500,28190,3.63636363636364,22000,1e-06,33500
32580,3,1,11.8578483182615,28192,32631,28192,10.9090909090909,22000,2.8e-06,32631
32581,4,1,14.1448734498107,28193,34079,28193,14.5454545454545,22000,3.7e-06,34079
32586,3,1,9.80558895802617,28197,35332,28197,10.9090909090909,22000,2.8e-06,35332
32587,4,1,13.2810128694639,28197,30019,28197,14.5454545454545,22000,3.7e-06,30019
32591,8,1,28.5096751930631,28201,30704,28201,29.0909090909091,22000,7.3e-06,30704
32607,7,1,25.4484497549104,28213,30153,28213,25.4545454545455,22000,6.4e-06,30153
32608,8,1,29.3986269048746,28214,30028,28214,29.0909090909091,22000,7.3e-06,30028
32610,10,1,36.73926978367,28215,30864,28215,36.3636363636364,22000,9.1e-06,30864
32612,2,1,6.59987169129653,28216,31022,28216,7.27272727272727,22000,1.9e-06,31022
32616,1,1,3.44011327195074,28218,52731,28218,3.63636363636364,22000,1e-06,52731
32616,2,0,3.44011327195074,43675,43682,28218,7.27272727272727,22000,1.9e-06,52731
32619,4,1,15.1329975798909,28221,30174,28221,14.5454545454545,22000,3.7e-06,30174
32621,1,1,2.45316382807188,28223,30776,28223,3.63636363636364,22000,1e-06,30776
32624,4,1,14.9180329852565,28224,36507,28224,14.5454545454545,22000,3.7e-06,36507
32624,3,0,14.9180329852565,32839,32844,28224,10.9090909090909,22000,2.8e-06,36507
32625,8,1,28.5741034021561,28225,30358,28225,29.0909090909091,22000,7.3e-06,30358
32629,9,1,33.0771655293958,28228,33110,28228,32.7272727272727,22000,8.2e-06,33110
32635,4,1,14.8000272409304,28233,36073,28233,14.5454545454545,22000,3.7e-06,36073
32636,5,1,18.937846235114,28233,31739,28233,18.1818181818182,22000,4.6e-06,31739
32640,10,1,36.2286235139594,28234,31585,28234,36.3636363636364,22000,9.1e-06,31585
32642,5,0,21.4054997848034,32014,32028,28235,18.1818181818182,22000,4.6e-06,40069
32642,6,1,21.4054997848034,28235,40069,28235,21.8181818181818,22000,5.5e-06,40069
32643,7,1,25.9358996448804,28235,33890,28235,25.4545454545455,22000,6.4e-06,33890
32645,3,1,10.8933521277953,28238,42805,28238,10.9090909090909,22000,2.8e-06,42805
32646,5,1,16.8870626643866,28240,30077,28240,18.1818181818182,22000,4.6e-06,30077
32649,7,1,25.2842736340517,28241,40672,28241,25.4545454545455,22000,6.4e-06,40672
32649,6,0,25.2842736340517,33472,33474,28241,21.8181818181818,22000,5.5e-06,40672
32652,5,1,17.6690941762328,28243,39080,28243,18.1818181818182,22000,4.6e-06,39080
32656,9,1,32.9876817553779,28246,33293,28246,32.7272727272727,22000,8.2e-06,33293
32657,4,1,13.989309733114,28247,32651,28247,14.5454545454545,22000,3.7e-06,32651
32664,9,1,32.5729498599026,28248,36213,28248,32.7272727272727,22000,8.2e-06,36213
32671,4,1,13.3786373836794,28252,33552,28252,14.5454545454545,22000,3.7e-06,33552
32672,6,1,21.4825542866525,28252,31943,28252,21.8181818181818,22000,5.5e-06,31943
32674,8,1,29.8398327609425,28254,31032,28254,29.0909090909091,22000,7.3e-06,31032
32675,8,1,28.3759801132403,28255,32025,28255,29.0909090909091,22000,7.3e-06,32025
32677,4,1,14.5885949280122,28257,30994,28257,14.5454545454545,22000,3.7e-06,30994
32684,5,1,18.3929451451544,28263,30543,28263,18.1818181818182,22000,4.6e-06,30543
32685,7,1,25.6066007668295,28263,31193,28263,25.4545454545455,22000,6.4e-06,31193
32687,8,1,29.1549614494868,28264,31879,28264,29.0909090909091,22000,7.3e-06,31879
32690,7,1,26.0018532985598,28268,39348,28268,25.4545454545455,22000,6.4e-06,39348
32696,2,1,6.16548014027177,28275,40094,28275,7.27272727272727,22000,1.9e-06,40094
32701,2,1,8.51472990963405,28279,33864,28279,7.27272727272727,22000,1.9e-06,33864
32702,3,1,12.0674696396739,28279,32795,28279,10.9090909090909,22000,2.8e-06,32795
32703,3,1,10.2122941934783,28279,48200,28279,10.9090909090909,22000,2.8e-06,48200
32706,8,1,28.840780450395,28281,31128,28281,29.0909090909091,22000,7.3e-06,31128
32707,2,1,6.76176448956816,28282,36176,28282,7.27272727272727,22000,1.9e-06,36176
32713,9,1,33.0260084472544,28287,31038,28287,32.7272727272727,22000,8.2e-06,31038
32715,7,1,25.4062401562589,28288,30403,28288,25.4545454545455,22000,6.4e-06,30403
32720,9,1,33.5151509709101,28289,31209,28289,32.7272727272727,22000,8.2e-06,31209
32727,7,1,26.2962362203473,28293,30642,28293,25.4545454545455,22000,6.4e-06,30642
32733,8,1,29.4941396619427,28300,33064,28300,29.0909090909091,22000,7.3e-06,33064
32737,6,1,21.6731676182791,28301,30101,28301,21.8181818181818,22000,5.5e-06,30101
32738,8,1,28.8338344858943,28301,31353,28301,29.0909090909091,22000,7.3e-06,31353
32753,9,1,33.5627227491732,28318,31257,28318,32.7272727272727,22000,8.2e-06,31257
32755,4,1,15.4161344479278,28320,30365,28320,14.5454545454545,22000,3.7e-06,30365
32757,7,1,26.2354102623484,28322,32275,28322,25.4545454545455,22000,6.4e-06,32275
32772,4,1,13.7800950019286,28329,34020,28329,14.5454545454545,22000,3.7e-06,34020
32773,8,1,28.8787067057231,28331,31915,28331,29.0909090909091,22000,7.3e-06,31915
32773,9,0,28.8787067057231,31367,31387,28331,32.7272727272727,22000,8.2e-06,31915
32774,9,1,32.5815992405997,28333,33025,28333,32.7272727272727,22000,8.2e-06,33025
32775,5,1,18.5773024298143,28334,33222,28334,18.1818181818182,22000,4.6e-06,33222
32776,3,1,11.3546647729114,28336,32160,28336,10.9090909090909,22000,2.8e-06,32160
32781,3,1,10.7781293644315,28340,35061,28340,10.9090909090909,22000,2.8e-06,35061
32784,3,1,10.7483056424897,28342,35318,28342,10.9090909090909,22000,2.8e-06,35318
32785,7,1,26.4350024673437,28342,30895,28342,25.4545454545455,22000,6.4e-06,30895
32787,5,1,18.1377922439936,28343,32573,28343,18.1818181818182,22000,4.6e-06,32573
32788,4,1,14.5601429570862,28344,32851,28344,14.5454545454545,22000,3.7e-06,32851
32791,5,1,18.1226249038639,28347,33724,28347,18.1818181818182,22000,4.6e-06,33724
32797,7,1,24.4743711096387,28355,35010,28355,25.4545454545455,22000,6.4e-06,35010
32800,8,1,28.6198177623972,28358,32085,28358,29.0909090909091,22000,7.3e-06,32085
32804,7,1,26.1855909730731,28360,31062,28360,25.4545454545455,22000,6.4e-06,31062
32808,8,1,28.9275245902554,28362,38870,28362,29.0909090909091,22000,7.3e-06,38870
32808,9,0,28.9275245902554,35785,35788,28362,32.7272727272727,22000,8.2e-06,38870
32809,8,1,28.3555514536099,28362,36297,28362,29.0909090909091,22000,7.3e-06,36297
32820,7,1,24.8167662648604,28370,31001,28370,25.4545454545455,22000,6.4e-06,31001
32821,8,1,30.1515354648879,28371,33200,28371,29.0909090909091,22000,7.3e-06,33200
32822,4,1,14.9046058308358,28372,40365,28372,14.5454545454545,22000,3.7e-06,40365
32823,7,0,28.7263400779035,36906,36913,28372,25.4545454545455,22000,6.4e-06,39598
32823,8,1,28.7263400779035,28372,39598,28372,29.0909090909091,22000,7.3e-06,39598
32823,9,0,28.7263400779035,37788,37790,28372,32.7272727272727,22000,8.2e-06,39598
32829,5,1,17.7496143239374,28380,30590,28380,18.1818181818182,22000,4.6e-06,30590
32832,7,1,25.9206508281964,28384,33054,28384,25.4545454545455,22000,6.4e-06,33054
32841,7,1,24.9104305513818,28392,30025,28392,25.4545454545455,22000,6.4e-06,30025
32842,9,1,32.6037172398877,28392,30144,28392,32.7272727272727,22000,8.2e-06,30144
32852,10,1,36.6560387010494,28399,36760,28399,36.3636363636364,22000,9.1e-06,36760
32857,5,1,17.9502540722115,28404,30526,28404,18.1818181818182,22000,4.6e-06,30526
32858,4,1,14.3819817447494,28405,31897,28405,14.5454545454545,22000,3.7e-06,31897
32859,6,1,21.9582174187283,28405,31207,28405,21.8181818181818,22000,5.5e-06,31207
32860,3,1,10.4683312573009,28406,36815,28406,10.9090909090909,22000,2.8e-06,36815
32860,4,0,10.4683312573009,31151,31162,28406,14.5454545454545,22000,3.7e-06,36815
32864,10,1,36.2934518980568,28408,32854,28408,36.3636363636364,22000,9.1e-06,32854
32867,5,0,21.1512466221462,32446,32447,28411,18.1818181818182,22000,4.6e-06,35444
32867,6,1,21.1512466221462,28411,35444,28411,21.8181818181818,22000,5.5e-06,35444
32870,9,1,33.2460153170267,28413,30366,28413,32.7272727272727,22000,8.2e-06,30366
32875,9,1,31.969540105013,28418,31610,28418,32.7272727272727,22000,8.2e-06,31610
32878,2,1,6.86700706764181,28421,48907,28421,7.27272727272727,22000,1.9e-06,48907
32881,6,1,21.9752632914244,28424,32377,28424,21.8181818181818,22000,5.5e-06,32377
32882,7,1,24.8754220059326,28424,34646,28424,25.4545454545455,22000,6.4e-06,34646
32885,7,1,25.6034527278922,28427,30881,28427,25.4545454545455,22000,6.4e-06,30881
32888,3,0,14.6506949293746,30918,30928,28430,10.9090909090909,22000,2.8e-06,31657
32888,4,1,14.6506949293746,28430,31657,28430,14.5454545454545,22000,3.7e-06,31657
32892,2,1,7.3403713028274,28432,53753,28432,7.27272727272727,22000,1.9e-06,53753
32893,8,1,29.9874375202103,28433,30978,28433,29.0909090909091,22000,7.3e-06,30978
32897,1,1,4.31872835775795,28436,74505,28436,3.63636363636364,22000,1e-06,74505
32897,2,0,4.31872835775795,32817,32849,28436,7.27272727272727,22000,1.9e-06,74505
32897,2,0,4.31872835775795,34267,34303,28436,7.27272727272727,22000,1.9e-06,74505
32902,9,1,33.7674369202229,28438,30194,28438,32.7272727272727,22000,8.2e-06,30194
32906,10,1,35.9562444414026,28442,31317,28442,36.3636363636364,22000,9.1e-06,31317
32908,9,1,31.7663697554563,28444,30106,28444,32.7272727272727,22000,8.2e-06,30106
32910,5,1,18.2700326864718,28445,35597,28445,18.1818181818182,22000,4.6e-06,35597
32916,3,1,9.93355448100117,28452,32498,28452,10.9090909090909,22000,2.8e-06,32498
32923,9,1,32.671561391655,28457,31751,28457,32.7272727272727,22000,8.2e-06,31751
32925,8,1,29.6441991561522,28458,38055,28458,29.0909090909091,22000,7.3e-06,38055
32927,7,1,25.3649267571887,28459,33124,28459,25.4545454545455,22000,6.4e-06,33124
32930,7,1,26.1232493257908,28461,30853,28461,25.4545454545455,22000,6.4e-06,30853
32933,10,1,36.8271305220482,28465,31484,28465,36.3636363636364,22000,9.1e-06,31484
32934,6,1,22.5973452834946,28466,32370,28466,21.8181818181818,22000,5.5e-06,32370
32937,10,1,35.0630670444774,28468,31157,28468,36.3636363636364,22000,9.1e-06,31157
32938,6,1,20.931459177514,28469,30507,28469,21.8181818181818,22000,5.5e-06,30507
32940,6,1,22.7130219950565,28471,33517,28471,21.8181818181818,22000,5.5e-06,33517
32941,10,1,35.7808693624133,28471,30241,28471,36.3636363636364,22000,9.1e-06,30241
32942,5,1,18.5648913937971,28472,41529,28472,18.1818181818182,22000,4.6e-06,41529
32943,7,1,25.1792992752519,28473,30524,28473,25.4545454545455,22000,6.4e-06,30524
32944,6,1,21.1933993461565,28476,30175,28476,21.8181818181818,22000,5.5e-06,30175
32947,10,1,36.3975203098044,28476,37904,28476,36.3636363636364,22000,9.1e-06,37904
32951,6,0,17.5967012948645,31174,31179,28478,21.8181818181818,22000,5.5e-06,33822
32951,5,1,17.5967012948645,28478,33822,28478,18.1818181818182,22000,4.6e-06,33822
32952,2,1,7.06552509752687,28479,36727,28479,7.27272727272727,22000,1.9e-06,36727
32959,2,1,7.94897572045203,28485,55959,28485,7.27272727272727,22000,1.9e-06,55959
32963,9,1,33.7729568936088,28489,30931,28489,32.7272727272727,22000,8.2e-06,30931
32967,10,1,35.2416759829155,28490,30108,28490,36.3636363636364,22000,9.1e-06,30108
32973,3,1,10.5256245223542,28498,31571,28498,10.9090909090909,22000,2.8e-06,31571
32975,10,1,36.84353412848,28499,33732,28499,36.3636363636364,22000,9.1e-06,33732
32978,6,1,21.3104977974745,28504,34871,28504,21.8181818181818,22000,5.5e-06,34871
32979,5,1,18.2024666278377,28505,33656,28505,18.1818181818182,22000,4.6e-06,33656
32981,5,1,18.3095547333579,28506,33721,28506,18.1818181818182,22000,4.6e-06,33721
32984,6,1,20.7976043858628,28509,33362,28509,21.8181818181818,22000,5.5e-06,33362
32985,5,1,17.5449140015389,28510,30970,28510,18.1818181818182,22000,4.6e-06,30970
32987,3,1,11.2346411821785,28511,40444,28511,10.9090909090909,22000,2.8e-06,40444
32988,5,1,17.4578289356695,28512,37809,28512,18.1818181818182,22000,4.6e-06,37809
32991,2,1,8.07359899612599,28515,30654,28515,7.27272727272727,22000,1.9e-06,30654
32993,5,1,18.1222632892689,28517,35571,28517,18.1818181818182,22000,4.6e-06,35571
32994,6,1,21.7203390462836,28517,30727,28517,21.8181818181818,22000,5.5e-06,30727
33005,2,1,7.24661562270324,28525,30873,28525,7.27272727272727,22000,1.9e-06,30873
33006,10,1,36.2090255444686,28525,31443,28525,36.3636363636364,22000,9.1e-06,31443
33007,10,1,36.6935449766626,28526,30165,28526,36.3636363636364,22000,9.1e-06,30165
33008,3,1,10.0340916330657,28527,34264,28527,10.9090909090909,22000,2.8e-06,34264
33010,10,1,36.8511054681123,28529,31058,28529,36.3636363636364,22000,9.1e-06,31058
33011,7,1,25.6902618060558,28530,30570,28530,25.4545454545455,22000,6.4e-06,30570
33012,8,1,27.931641338764,28530,31662,28530,29.0909090909091,22000,7.3e-06,31662
33014,7,1,25.4726481293042,28533,30949,28533,25.4545454545455,22000,6.4e-06,30949
33015,5,1,16.7046965291277,28534,30476,28534,18.1818181818182,22000,4.6e-06,30476
33017,10,1,36.0496310175966,28535,30288,28535,36.3636363636364,22000,9.1e-06,30288
33023,9,1,33.181836956844,28543,33820,28543,32.7272727272727,22000,8.2e-06,33820
33026,8,1,30.416674101571,28545,30507,28545,29.0909090909091,22000,7.3e-06,30507
33027,10,1,37.0637410313394,28545,30755,28545,36.3636363636364,22000,9.1e-06,30755
33035,1,1,4.57848694461762,28551,32198,28551,3.63636363636364,22000,1e-06,32198
33038,5,1,17.5751418283643,28553,32431,28553,18.1818181818182,22000,4.6e-06,32431
33039,6,1,21.6439204782607,28553,36863,28553,21.8181818181818,22000,5.5e-06,36863
33043,3,1,11.7099755002516,28556,34844,28556,10.9090909090909,22000,2.8e-06,34844
33045,10,1,36.1168839902721,28556,30842,28556,36.3636363636364,22000,9.1e-06,30842
33055,7,1,26.4638555837614,28564,30934,28564,25.4545454545455,22000,6.4e-06,30934
33066,1,1,4.76061358638836,28571,31452,28571,3.63636363636364,22000,1e-06,31452
33067,9,1,31.7819918477038,28571,30261,28571,32.7272727272727,22000,8.2e-06,30261
33068,9,1,31.984168665311,28572,30704,28572,32.7272727272727,22000,8.2e-06,30704
33069,4,1,14.6508498014473,28573,31687,28573,14.5454545454545,22000,3.7e-06,31687
33075,7,1,26.3254021429775,28574,32177,28574,25.4545454545455,22000,6.4e-06,32177
33077,8,1,28.4590517016232,28578,31711,28578,29.0909090909091,22000,7.3e-06,31711
33078,7,1,24.9870213252311,28579,31051,28579,25.4545454545455,22000,6.4e-06,31051
33079,6,1,21.0455274787978,28580,33512,28580,21.8181818181818,22000,5.5e-06,33512
33084,9,1,32.5736608853298,28583,35202,28583,32.7272727272727,22000,8.2e-06,35202
33087,6,1,20.8949623572351,28585,32859,28585,21.8181818181818,22000,5.5e-06,32859
33088,9,1,32.9404118175354,28585,31648,28585,32.7272727272727,22000,8.2e-06,31648
33090,10,1,36.1582337372174,28586,30061,28586,36.3636363636364,22000,9.1e-06,30061
33092,5,1,18.5078313647391,28587,37225,28587,18.1818181818182,22000,4.6e-06,37225
33096,4,1,15.2499963484198,28591,47800,28591,14.5454545454545,22000,3.7e-06,47800
33097,6,1,21.2224307448266,28591,32972,28591,21.8181818181818,22000,5.5e-06,32972
33099,5,1,19.1158598408725,28593,30153,28593,18.1818181818182,22000,4.6e-06,30153
33100,5,1,18.2938481797186,28593,30388,28593,18.1818181818182,22000,4.6e-06,30388
33102,4,1,15.2951675395477,28595,30179,28595,14.5454545454545,22000,3.7e-06,30179
33105,6,1,22.7213875360168,28596,31333,28596,21.8181818181818,22000,5.5e-06,31333
33108,10,1,36.2396380145576,28596,35622,28596,36.3636363636364,22000,9.1e-06,35622
33110,7,1,26.2917018134168,28597,32120,28597,25.4545454545455,22000,6.4e-06,32120
33112,6,1,21.2643535613316,28600,33559,28600,21.8181818181818,22000,5.5e-06,33559
33113,9,1,32.514448405247,28600,35616,28600,32.7272727272727,22000,8.2e-06,35616
33117,8,1,28.1978562759185,28609,30151,28609,29.0909090909091,22000,7.3e-06,30151
33120,5,1,18.5109438776868,28612,37556,28612,18.1818181818182,22000,4.6e-06,37556
33129,3,1,11.6718060524441,28617,30623,28617,10.9090909090909,22000,2.8e-06,30623
33130,7,1,24.4988220636289,28619,30042,28619,25.4545454545455,22000,6.4e-06,30042
33135,7,1,25.8034561923353,28624,30599,28624,25.4545454545455,22000,6.4e-06,30599
33139,9,1,32.5841248769428,28629,46459,28629,32.7272727272727,22000,8.2e-06,46459
33141,7,1,25.733564567161,28631,34996,28631,25.4545454545455,22000,6.4e-06,34996
33142,9,1,32.9290937384869,28631,32055,28631,32.7272727272727,22000,8.2e-06,32055
33143,5,1,18.6093341481318,28632,36107,28632,18.1818181818182,22000,4.6e-06,36107
33143,4,0,18.6093341481318,31186,31189,28632,14.5454545454545,22000,3.7e-06,36107
33145,7,1,26.116056861065,28635,30223,28635,25.4545454545455,22000,6.4e-06,30223
33146,4,1,15.8532567574396,28637,30071,28637,14.5454545454545,22000,3.7e-06,30071
33149,5,1,17.8882755152927,28641,33485,28641,18.1818181818182,22000,4.6e-06,33485
33150,4,1,14.2386491688006,28642,31914,28642,14.5454545454545,22000,3.7e-06,31914
33153,6,1,21.4338564807459,28644,31414,28644,21.8181818181818,22000,5.5e-06,31414
33155,4,1,14.869024557326,28647,33255,28647,14.5454545454545,22000,3.7e-06,33255
33156,5,1,18.0210542822263,28647,31773,28647,18.1818181818182,22000,4.6e-06,31773
33161,5,1,18.7634610759311,28651,30054,28651,18.1818181818182,22000,4.6e-06,30054
33162,7,1,25.722888775216,28651,32558,28651,25.4545454545455,22000,6.4e-06,32558
33163,6,1,21.5535815752177,28652,32570,28652,21.8181818181818,22000,5.5e-06,32570
33164,7,1,26.0703026548921,28652,31601,28652,25.4545454545455,22000,6.4e-06,31601
33165,10,1,35.9759336894247,28652,30860,28652,36.3636363636364,22000,9.1e-06,30860
33167,1,1,4.21013353297391,28657,44441,28657,3.63636363636364,22000,1e-06,44441
33169,6,1,21.8600661950695,28657,42079,28657,21.8181818181818,22000,5.5e-06,42079
33171,2,1,6.88319536380671,28662,30991,28662,7.27272727272727,22000,1.9e-06,30991
33172,7,1,26.7639480015289,28662,30295,28662,25.4545454545455,22000,6.4e-06,30295
33173,7,0,22.3855533504498,34243,34245,28663,25.4545454545455,22000,6.4e-06,36743
33173,6,1,22.3855533504498,28663,36743,28663,21.8181818181818,22000,5.5e-06,36743
33175,1,1,3.70948654158526,28665,94533,28665,3.63636363636364,22000,1e-06,94533
33177,9,1,32.8447328402166,28665,31676,28665,32.7272727272727,22000,8.2e-06,31676
33182,5,1,17.2629693037358,28672,30010,28672,18.1818181818182,22000,4.6e-06,30010
33184,9,1,32.9300306383862,28673,42977,28673,32.7272727272727,22000,8.2e-06,42977
33187,5,1,17.7178260076259,28675,44058,28675,18.1818181818182,22000,4.6e-06,44058
33188,3,1,11.7633205289129,28676,34395,28676,10.9090909090909,22000,2.8e-06,34395
33192,9,1,32.5881480758066,28681,30815,28681,32.7272727272727,22000,8.2e-06,30815
33195,6,1,21.514231398365,28683,30002,28683,21.8181818181818,22000,5.5e-06,30002
33197,6,1,22.1152258322636,28684,32878,28684,21.8181818181818,22000,5.5e-06,32878
33198,7,1,24.8652857071149,28684,30917,28684,25.4545454545455,22000,6.4e-06,30917
33199,7,1,25.4196393894328,28684,30239,28684,25.4545454545455,22000,6.4e-06,30239
33201,7,1,25.2767008873777,28686,32960,28686,25.4545454545455,22000,6.4e-06,32960
33203,8,1,29.6059293836175,28686,31754,28686,29.0909090909091,22000,7.3e-06,31754
33209,4,1,14.9827765130142,28692,32419,28692,14.5454545454545,22000,3.7e-06,32419
33212,10,1,37.3963345599079,28693,31628,28693,36.3636363636364,22000,9.1e-06,31628
33213,5,1,17.6071079120582,28695,30926,28695,18.1818181818182,22000,4.6e-06,30926
33214,10,1,36.0405993985969,28696,32071,28696,36.3636363636364,22000,9.1e-06,32071
33217,6,1,21.6135289981797,28700,31838,28700,21.8181818181818,22000,5.5e-06,31838
33220,5,1,18.0628315218157,28701,35629,28701,18.1818181818182,22000,4.6e-06,35629
33222,7,1,25.5909125652719,28702,30407,28702,25.4545454545455,22000,6.4e-06,30407
33223,4,1,15.075930955666,28704,33363,28704,14.5454545454545,22000,3.7e-06,33363
33226,7,1,26.2997539619596,28705,30915,28705,25.4545454545455,22000,6.4e-06,30915
33229,3,1,11.8831948614775,28712,32605,28712,10.9090909090909,22000,2.8e-06,32605
33230,6,1,21.4854891683126,28713,32889,28713,21.8181818181818,22000,5.5e-06,32889
33233,1,0,7.43046465159869,40146,40160,28715,3.63636363636364,22000,1e-06,41139
33233,2,1,7.43046465159869,28715,41139,28715,7.27272727272727,22000,1.9e-06,41139
33234,5,1,18.3175741175666,28715,31011,28715,18.1818181818182,22000,4.6e-06,31011
33237,8,1,29.520727209116,28717,30336,28717,29.0909090909091,22000,7.3e-06,30336
33240,7,1,24.6280692381987,28719,30821,28719,25.4545454545455,22000,6.4e-06,30821
33243,2,1,6.83134184145476,28722,50597,28722,7.27272727272727,22000,1.9e-06,50597
33244,6,1,21.5070244761546,28722,35421,28722,21.8181818181818,22000,5.5e-06,35421
33249,6,1,23.1716066854765,28727,30035,28727,21.8181818181818,22000,5.5e-06,30035
33251,9,1,32.4323504708663,28730,41015,28730,32.7272727272727,22000,8.2e-06,41015
33253,4,1,14.3565769070155,28731,37528,28731,14.5454545454545,22000,3.7e-06,37528
33259,4,1,13.0951810734892,28734,31190,28734,14.5454545454545,22000,3.7e-06,31190
33265,7,1,24.3736644879809,28737,30807,28737,25.4545454545455,22000,6.4e-06,30807
33271,6,1,22.3997751639565,28742,34117,28742,21.8181818181818,22000,5.5e-06,34117
33273,4,1,14.6473047133564,28744,30839,28744,14.5454545454545,22000,3.7e-06,30839
33277,10,1,37.4504835319902,28745,30245,28745,36.3636363636364,22000,9.1e-06,30245
33278,2,1,6.08988141230016,28746,34238,28746,7.27272727272727,22000,1.9e-06,34238
33279,5,1,18.0209261959079,28746,35965,28746,18.1818181818182,22000,4.6e-06,35965
33283,5,1,16.9356125531445,28748,32803,28748,18.1818181818182,22000,4.6e-06,32803
33287,4,1,13.5571399636207,28754,32435,28754,14.5454545454545,22000,3.7e-06,32435
33289,7,1,25.2320137349135,28756,34302,28756,25.4545454545455,22000,6.4e-06,34302
33291,9,1,31.9382110308487,28758,30814,28758,32.7272727272727,22000,8.2e-06,30814
33293,8,1,28.4306319990749,28759,38026,28759,29.0909090909091,22000,7.3e-06,38026
33294,10,1,36.357210074726,28760,30034,28760,36.3636363636364,22000,9.1e-06,30034
33295,7,1,24.7380254146479,28761,32029,28761,25.4545454545455,22000,6.4e-06,32029
33297,8,1,29.1069604394404,28761,30768,28761,29.0909090909091,22000,7.3e-06,30768
33305,7,0,21.0191905303269,29513,29515,28769,25.4545454545455,22000,6.4e-06,31966
33305,6,1,21.0191905303269,28769,31966,28769,21.8181818181818,22000,5.5e-06,31966
33307,6,1,21.2502163098705,28771,30410,28771,21.8181818181818,22000,5.5e-06,30410
33308,3,1,12.0632210853596,28772,38531,28772,10.9090909090909,22000,2.8e-06,38531
33309,5,1,17.5904142358741,28772,33138,28772,18.1818181818182,22000,4.6e-06,33138
33312,10,1,35.8946983549348,28772,32385,28772,36.3636363636364,22000,9.1e-06,32385
33314,3,1,9.97075128608818,28774,35206,28774,10.9090909090909,22000,2.8e-06,35206
33318,6,1,22.1821219816073,28777,31130,28777,21.8181818181818,22000,5.5e-06,31130
33319,10,1,36.8827016782778,28777,31797,28777,36.3636363636364,22000,9.1e-06,31797
33320,5,1,18.7605518992047,28779,32214,28779,18.1818181818182,22000,4.6e-06,32214
33322,7,1,25.8010502259256,28781,32607,28781,25.4545454545455,22000,6.4e-06,32607
33323,8,1,29.7717761460374,28781,36579,28781,29.0909090909091,22000,7.3e-06,36579
33327,4,1,13.3264596735772,28787,30478,28787,14.5454545454545,22000,3.7e-06,30478
33328,8,1,29.6472200873144,28788,32838,28788,29.0909090909091,22000,7.3e-06,32838
33331,8,1,28.5997651993453,28790,32128,28790,29.0909090909091,22000,7.3e-06,32128
33331,7,0,28.5997651993453,31371,31374,28790,25.4545454545455,22000,6.4e-06,32128
33334,9,1,32.1197011711124,28791,32243,28791,32.7272727272727,22000,8.2e-06,32243
33335,9,1,33.2063322589803,28791,32456,28791,32.7272727272727,22000,8.2e-06,32456
33337,10,1,36.5282863342051,28792,33287,28792,36.3636363636364,22000,9.1e-06,33287
33338,4,1,15.047960266456,28793,30188,28793,14.5454545454545,22000,3.7e-06,30188
33339,2,1,6.67830433427057,28794,31641,28794,7.27272727272727,22000,1.9e-06,31641
33342,9,1,33.0142663260553,28795,31702,28795,32.7272727272727,22000,8.2e-06,31702
33343,1,1,4.08394399740784,28796,36388,28796,3.63636363636364,22000,1e-06,36388
33344,5,1,18.1693654879804,28796,30593,28796,18.1818181818182,22000,4.6e-06,30593
33345,4,1,14.2471638053588,28797,40435,28797,14.5454545454545,22000,3.7e-06,40435
33347,3,1,11.3291004986135,28798,30704,28798,10.9090909090909,22000,2.8e-06,30704
33350,9,1,32.9400650026267,28799,30585,28799,32.7272727272727,22000,8.2e-06,30585
33358,5,1,18.2443213826991,28804,33193,28804,18.1818181818182,22000,4.6e-06,33193
33362,6,1,21.240419415757,28806,32195,28806,21.8181818181818,22000,5.5e-06,32195
33363,8,1,29.8461917151918,28807,34067,28807,29.0909090909091,22000,7.3e-06,34067
33366,6,1,21.6155804116746,28809,30003,28809,21.8181818181818,22000,5.5e-06,30003
33368,2,1,7.14308693246762,28811,35551,28811,7.27272727272727,22000,1.9e-06,35551
33375,8,1,28.5822986416009,28818,31580,28818,29.0909090909091,22000,7.3e-06,31580
33377,2,1,5.95180607197795,28820,35555,28820,7.27272727272727,22000,1.9e-06,35555
33379,9,1,32.5575687213822,28822,30223,28822,32.7272727272727,22000,8.2e-06,30223
33383,3,1,10.4793272108821,28826,35802,28826,10.9090909090909,22000,2.8e-06,35802
33383,4,0,10.4793272108821,30908,30926,28826,14.5454545454545,22000,3.7e-06,35802
33384,9,1,32.5322179008248,28826,32039,28826,32.7272727272727,22000,8.2e-06,32039
33388,6,1,20.9614577157359,28827,31786,28827,21.8181818181818,22000,5.5e-06,31786
33389,10,1,36.0876306076682,28827,32112,28827,36.3636363636364,22000,9.1e-06,32112
33390,7,1,24.0867929936444,28828,31455,28828,25.4545454545455,22000,6.4e-06,31455
33391,6,1,21.5229300546159,28829,30237,28829,21.8181818181818,22000,5.5e-06,30237
33394,5,1,19.0983609131478,28831,33708,28831,18.1818181818182,22000,4.6e-06,33708
33399,2,1,6.86615731976746,28834,70061,28834,7.27272727272727,22000,1.9e-06,70061
33401,8,1,29.7266589542901,28839,34519,28839,29.0909090909091,22000,7.3e-06,34519
33402,10,1,37.5566730347323,28840,30201,28840,36.3636363636364,22000,9.1e-06,30201
33403,5,1,19.089716126241,28841,30593,28841,18.1818181818182,22000,4.6e-06,30593
33405,9,1,32.6420166430759,28843,30147,28843,32.7272727272727,22000,8.2e-06,30147
33406,6,1,22.2957282514844,28844,30637,28844,21.8181818181818,22000,5.5e-06,30637
33410,6,0,25.2172971010249,29766,29782,28845,21.8181818181818,22000,5.5e-06,30561
33410,7,1,25.2172971010249,28845,30561,28845,25.4545454545455,22000,6.4e-06,30561
33415,4,1,14.9551359155423,28850,32159,28850,14.5454545454545,22000,3.7e-06,32159
33421,3,1,10.5200103065385,28855,32665,28855,10.9090909090909,22000,2.8e-06,32665
33426,9,1,32.923402208409,28857,30858,28857,32.7272727272727,22000,8.2e-06,30858
33427,8,1,28.7048424398222,28858,30490,28858,29.0909090909091,22000,7.3e-06,30490
33429,2,1,7.19359349591479,28865,70574,28865,7.27272727272727,22000,1.9e-06,70574
33430,5,1,19.5334879094276,28865,30186,28865,18.1818181818182,22000,4.6e-06,30186
33431,3,1,11.7340966333816,28866,30006,28866,10.9090909090909,22000,2.8e-06,30006
33436,8,1,29.0639218030066,28868,30647,28868,29.0909090909091,22000,7.3e-06,30647
33437,5,1,19.2305959518675,28869,30992,28869,18.1818181818182,22000,4.6e-06,30992
33442,5,1,17.7284957014065,28878,38829,28878,18.1818181818182,22000,4.6e-06,38829
33446,7,1,25.563997618951,28880,30944,28880,25.4545454545455,22000,6.4e-06,30944
33456,10,1,37.5179514806783,28886,30353,28886,36.3636363636364,22000,9.1e-06,30353
33458,8,1,29.6635191437951,28887,31203,28887,29.0909090909091,22000,7.3e-06,31203
33459,9,1,32.5193777175899,28887,30490,28887,32.7272727272727,22000,8.2e-06,30490
33461,8,1,28.5206912142169,28890,31409,28890,29.0909090909091,22000,7.3e-06,31409
33466,9,1,32.7163962440167,28893,30204,28893,32.7272727272727,22000,8.2e-06,30204
33467,7,1,24.5006845795953,28897,30251,28897,25.4545454545455,22000,6.4e-06,30251
33468,10,1,35.9301546670711,28897,30689,28897,36.3636363636364,22000,9.1e-06,30689
33473,10,1,35.3582820135016,28901,30909,28901,36.3636363636364,22000,9.1e-06,30909
33474,4,1,14.7066884631918,28902,32689,28902,14.5454545454545,22000,3.7e-06,32689
33480,7,1,24.9958318966718,28904,30117,28904,25.4545454545455,22000,6.4e-06,30117
33482,9,1,33.1448657502729,28905,31333,28905,32.7272727272727,22000,8.2e-06,31333
33484,8,1,29.5159412889486,28907,34524,28907,29.0909090909091,22000,7.3e-06,34524
33490,10,1,35.2307638501012,28916,32689,28916,36.3636363636364,22000,9.1e-06,32689
33491,2,1,7.84953431683503,28917,38937,28917,7.27272727272727,22000,1.9e-06,38937
33496,3,0,7.41747343054496,46606,46608,28921,10.9090909090909,22000,2.8e-06,57646
33496,2,1,7.41747343054496,28921,57646,28921,7.27272727272727,22000,1.9e-06,57646
33496,3,0,7.41747343054496,35289,35294,28921,10.9090909090909,22000,2.8e-06,57646
33498,2,1,7.72486474829115,28922,36780,28922,7.27272727272727,22000,1.9e-06,36780
33507,8,1,28.3117866437896,28926,30770,28926,29.0909090909091,22000,7.3e-06,30770
33511,3,1,10.890821710918,28928,30218,28928,10.9090909090909,22000,2.8e-06,30218
33520,6,1,20.5206482286224,28934,30832,28934,21.8181818181818,22000,5.5e-06,30832
33524,8,1,28.7517037250499,28937,36106,28937,29.0909090909091,22000,7.3e-06,36106
33527,5,1,17.7799732135927,28940,34203,28940,18.1818181818182,22000,4.6e-06,34203
33528,9,1,32.1969373368213,28940,32163,28940,32.7272727272727,22000,8.2e-06,32163
33532,3,0,6.74009068284206,34274,34276,28941,10.9090909090909,22000,2.8e-06,39753
33532,2,1,6.74009068284206,28941,39753,28941,7.27272727272727,22000,1.9e-06,39753
33533,9,1,33.3686848305204,28944,33220,28944,32.7272727272727,22000,8.2e-06,33220
33536,9,1,32.2515497467164,28950,31283,28950,32.7272727272727,22000,8.2e-06,31283
33541,10,1,35.3727414309569,28952,30022,28952,36.3636363636364,22000,9.1e-06,30022
33542,10,1,36.0289488186326,28952,30074,28952,36.3636363636364,22000,9.1e-06,30074
33544,9,1,33.109451853604,28953,30298,28953,32.7272727272727,22000,8.2e-06,30298
33545,9,1,31.9668600198115,28954,37100,28954,32.7272727272727,22000,8.2e-06,37100
33550,7,1,23.852819554826,28960,30379,28960,25.4545454545455,22000,6.4e-06,30379
33556,7,1,25.612149879866,28965,42773,28965,25.4545454545455,22000,6.4e-06,42773
33558,9,1,32.4731943197078,28965,34141,28965,32.7272727272727,22000,8.2e-06,34141
33566,10,1,34.9991465316555,28976,31050,28976,36.3636363636364,22000,9.1e-06,31050
33567,5,1,18.9256033759878,28978,30677,28978,18.1818181818182,22000,4.6e-06,30677
33571,9,1,32.2355028475642,28981,36247,28981,32.7272727272727,22000,8.2e-06,36247
33572,10,1,36.7129630485129,28981,31184,28981,36.3636363636364,22000,9.1e-06,31184
33573,8,1,27.5538419745711,28984,30247,28984,29.0909090909091,22000,7.3e-06,30247
33575,8,1,29.4418272823821,28985,32640,28985,29.0909090909091,22000,7.3e-06,32640
33579,7,1,24.7178021386462,28991,30483,28991,25.4545454545455,22000,6.4e-06,30483
33582,10,1,36.9168171357865,28993,31175,28993,36.3636363636364,22000,9.1e-06,31175
33584,10,1,36.150201251138,28993,39006,28993,36.3636363636364,22000,9.1e-06,39006
33586,7,1,25.1583401199623,28996,39305,28996,25.4545454545455,22000,6.4e-06,39305
33587,7,1,26.4402038404693,28996,31667,28996,25.4545454545455,22000,6.4e-06,31667
33588,3,1,10.394698693516,28997,33954,28997,10.9090909090909,22000,2.8e-06,33954
33589,5,1,17.5636817666433,28999,34527,28999,18.1818181818182,22000,4.6e-06,34527
33590,6,1,20.9439951037156,29000,30365,29000,21.8181818181818,22000,5.5e-06,30365
33594,4,1,15.2516342936453,29002,32581,29002,14.5454545454545,22000,3.7e-06,32581
33596,3,1,10.7425414841717,29003,31945,29003,10.9090909090909,22000,2.8e-06,31945
33598,9,1,31.1439220122313,29004,30215,29004,32.7272727272727,22000,8.2e-06,30215
33606,9,1,33.8026855127681,29009,33298,29009,32.7272727272727,22000,8.2e-06,33298
33609,4,1,14.7780190985588,29010,34532,29010,14.5454545454545,22000,3.7e-06,34532
33612,6,1,21.3598203408054,29014,32126,29014,21.8181818181818,22000,5.5e-06,32126
33613,7,1,26.0063968939873,29014,33585,29014,25.4545454545455,22000,6.4e-06,33585
33614,10,1,36.524161562097,29014,30419,29014,36.3636363636364,22000,9.1e-06,30419
33615,7,1,26.1418699505366,29016,34347,29016,25.4545454545455,22000,6.4e-06,34347
33621,10,1,36.724100051015,29018,31201,29018,36.3636363636364,22000,9.1e-06,31201
33622,5,1,17.9098666567092,29019,30204,29019,18.1818181818182,22000,4.6e-06,30204
33624,9,1,32.5268242271451,29021,30443,29021,32.7272727272727,22000,8.2e-06,30443
33626,2,1,7.31141150714578,29023,30233,29023,7.27272727272727,22000,1.9e-06,30233
33628,8,1,28.1027930722625,29023,31388,29023,29.0909090909091,22000,7.3e-06,31388
33636,8,1,28.2285021727443,29029,33514,29029,29.0909090909091,22000,7.3e-06,33514
33638,6,1,22.0156417227649,29030,34907,29030,21.8181818181818,22000,5.5e-06,34907
33639,9,1,32.5189930076372,29031,30636,29031,32.7272727272727,22000,8.2e-06,30636
33640,8,1,28.5953193382,29033,32844,29033,29.0909090909091,22000,7.3e-06,32844
33642,4,1,14.0971918955785,29035,32670,29035,14.5454545454545,22000,3.7e-06,32670
33643,10,1,37.2481577467221,29035,30033,29035,36.3636363636364,22000,9.1e-06,30033
33644,4,1,13.8141984430897,29042,33228,29042,14.5454545454545,22000,3.7e-06,33228
33645,5,1,18.0300998162266,29042,30211,29042,18.1818181818182,22000,4.6e-06,30211
33647,4,1,13.7114114429116,29046,34104,29046,14.5454545454545,22000,3.7e-06,34104
33657,9,1,32.3378637114283,29054,30492,29054,32.7272727272727,22000,8.2e-06,30492
33660,7,1,25.3106719640232,29057,30568,29057,25.4545454545455,22000,6.4e-06,30568
33661,5,1,19.463172628607,29058,31339,29058,18.1818181818182,22000,4.6e-06,31339
33664,8,1,28.4154823161015,29061,30597,29061,29.0909090909091,22000,7.3e-06,30597
33666,3,1,10.6909902592162,29063,35137,29063,10.9090909090909,22000,2.8e-06,35137
33669,5,1,19.4418619326414,29065,30200,29065,18.1818181818182,22000,4.6e-06,30200
33670,10,1,36.7905793915706,29066,30188,29066,36.3636363636364,22000,9.1e-06,30188
33671,10,1,37.2931114942498,29066,32943,29066,36.3636363636364,22000,9.1e-06,32943
33674,5,1,17.4412537598101,29070,31178,29070,18.1818181818182,22000,4.6e-06,31178
33675,6,1,21.8777819534266,29070,31795,29070,21.8181818181818,22000,5.5e-06,31795
33676,3,1,11.3491059115108,29071,34521,29071,10.9090909090909,22000,2.8e-06,34521
33678,3,1,12.7247521314413,29073,30054,29073,10.9090909090909,22000,2.8e-06,30054
33682,7,1,25.0744950371787,29074,35833,29074,25.4545454545455,22000,6.4e-06,35833
33682,6,0,25.0744950371787,34765,34769,29074,21.8181818181818,22000,5.5e-06,35833
33683,9,1,33.0118494322009,29074,31266,29074,32.7272727272727,22000,8.2e-06,31266
33685,9,1,32.9117971968043,29077,30016,29077,32.7272727272727,22000,8.2e-06,30016
33686,9,1,32.7772553158545,29077,31984,29077,32.7272727272727,22000,8.2e-06,31984
33690,6,1,21.4980551858555,29080,31664,29080,21.8181818181818,22000,5.5e-06,31664
33691,7,1,24.6951751601694,29080,30170,29080,25.4545454545455,22000,6.4e-06,30170
33693,2,0,4.10397317217794,48867,48878,29081,7.27272727272727,22000,1.9e-06,51113
33693,1,1,4.10397317217794,29081,51113,29081,3.63636363636364,22000,1e-06,51113
33695,10,1,35.4230344396344,29083,30733,29083,36.3636363636364,22000,9.1e-06,30733
33706,7,1,25.013420268276,29092,30002,29092,25.4545454545455,22000,6.4e-06,30002
33709,10,1,35.6295618292512,29094,31764,29094,36.3636363636364,22000,9.1e-06,31764
33712,1,1,3.20351854642035,29096,67787,29096,3.63636363636364,22000,1e-06,67787
33713,5,1,18.4087362107164,29096,31172,29096,18.1818181818182,22000,4.6e-06,31172
33714,6,1,22.4785834285922,29096,30573,29096,21.8181818181818,22000,5.5e-06,30573
33716,5,1,16.9198078952308,29097,33680,29097,18.1818181818182,22000,4.6e-06,33680
33717,5,1,17.3589175055954,29100,32642,29100,18.1818181818182,22000,4.6e-06,32642
33720,5,1,18.1602186764575,29104,31214,29104,18.1818181818182,22000,4.6e-06,31214
33721,9,1,32.0432510362987,29104,30674,29104,32.7272727272727,22000,8.2e-06,30674
33722,2,1,8.42679980984481,29105,35956,29105,7.27272727272727,22000,1.9e-06,35956
33723,6,1,23.1754275899991,29105,30125,29105,21.8181818181818,22000,5.5e-06,30125
33725,4,1,13.5911383465847,29107,31955,29107,14.5454545454545,22000,3.7e-06,31955
33727,7,1,24.7536323033665,29109,31439,29109,25.4545454545455,22000,6.4e-06,31439
33728,9,1,33.0677021958428,29109,30457,29109,32.7272727272727,22000,8.2e-06,30457
33729,8,1,28.1707455304733,29110,30048,29110,29.0909090909091,22000,7.3e-06,30048
33735,3,1,10.8815009224419,29114,30052,29114,10.9090909090909,22000,2.8e-06,30052
33737,6,1,22.1592974651468,29120,30879,29120,21.8181818181818,22000,5.5e-06,30879
33738,9,1,33.582467922507,29122,34754,29122,32.7272727272727,22000,8.2e-06,34754
33739,10,1,36.392095915796,29122,30164,29122,36.3636363636364,22000,9.1e-06,30164
33742,5,1,19.0450399989316,29123,31377,29123,18.1818181818182,22000,4.6e-06,31377
33743,9,1,33.4175227555901,29124,30801,29124,32.7272727272727,22000,8.2e-06,30801
33744,10,1,36.3669937300124,29124,30814,29124,36.3636363636364,22000,9.1e-06,30814
33745,4,1,14.4070037071282,29126,40880,29126,14.5454545454545,22000,3.7e-06,40880
33745,5,0,14.4070037071282,36932,36935,29126,18.1818181818182,22000,4.6e-06,40880
33746,9,1,32.7132596221015,29127,30756,29127,32.7272727272727,22000,8.2e-06,30756
33747,9,1,32.2596498536057,29127,33027,29127,32.7272727272727,22000,8.2e-06,33027
33751,9,1,32.0671362855163,29131,31109,29131,32.7272727272727,22000,8.2e-06,31109
33754,9,1,31.7528624057984,29133,32663,29133,32.7272727272727,22000,8.2e-06,32663
33755,10,1,36.8438518174394,29133,31080,29133,36.3636363636364,22000,9.1e-06,31080
33756,6,1,21.0587836292524,29135,31396,29135,21.8181818181818,22000,5.5e-06,31396
33757,10,1,35.529408915354,29135,30548,29135,36.3636363636364,22000,9.1e-06,30548
33758,6,1,22.5905048792609,29136,33660,29136,21.8181818181818,22000,5.5e-06,33660
33761,2,1,6.75941862392088,29138,34644,29138,7.27272727272727,22000,1.9e-06,34644
33766,6,1,22.2756687762914,29144,33530,29144,21.8181818181818,22000,5.5e-06,33530
33769,4,1,14.6480778228254,29146,36319,29146,14.5454545454545,22000,3.7e-06,36319
33770,8,1,29.439852602472,29146,30817,29146,29.0909090909091,22000,7.3e-06,30817
33771,7,1,25.5320566082953,29147,31423,29147,25.4545454545455,22000,6.4e-06,31423
33777,4,1,14.0348083751845,29151,30508,29151,14.5454545454545,22000,3.7e-06,30508
33779,2,1,7.97922465088187,29152,39771,29152,7.27272727272727,22000,1.9e-06,39771
33780,9,1,31.5590395767647,29152,30726,29152,32.7272727272727,22000,8.2e-06,30726
33781,9,1,31.8894017880723,29153,30761,29153,32.7272727272727,22000,8.2e-06,30761
33786,9,1,33.1009397367783,29158,30075,29158,32.7272727272727,22000,8.2e-06,30075
33789,10,1,37.9314493939789,29159,30686,29159,36.3636363636364,22000,9.1e-06,30686
33790,6,1,21.1027122806518,29160,30419,29160,21.8181818181818,22000,5.5e-06,30419
33792,9,1,33.4016078131842,29164,32192,29164,32.7272727272727,22000,8.2e-06,32192
33793,10,1,35.9976244291643,29164,35988,29164,36.3636363636364,22000,9.1e-06,35988
33797,3,0,6.43375753795288,31785,31786,29167,10.9090909090909,22000,2.8e-06,46316
33797,2,1,6.43375753795288,29167,46316,29167,7.27272727272727,22000,1.9e-06,46316
33798,8,1,30.3589524732055,29167,30060,29167,29.0909090909091,22000,7.3e-06,30060
33799,9,1,33.1603991002152,29167,32205,29167,32.7272727272727,22000,8.2e-06,32205
33800,6,1,21.5764368711001,29168,30799,29168,21.8181818181818,22000,5.5e-06,30799
33801,6,1,21.5588936972049,29168,30409,29168,21.8181818181818,22000,5.5e-06,30409
33807,7,1,24.2253422031031,29170,32422,29170,25.4545454545455,22000,6.4e-06,32422
33809,10,1,35.538455402094,29171,31000,29171,36.3636363636364,22000,9.1e-06,31000
33810,10,1,35.4583333221355,29171,30279,29171,36.3636363636364,22000,9.1e-06,30279
33813,10,1,36.540733935332,29174,33886,29174,36.3636363636364,22000,9.1e-06,33886
33815,10,1,35.5119371518863,29175,30421,29175,36.3636363636364,22000,9.1e-06,30421
33816,5,1,18.1725516719325,29177,31616,29177,18.1818181818182,22000,4.6e-06,31616
33818,4,1,14.3755443976058,29179,31417,29179,14.5454545454545,22000,3.7e-06,31417
33819,6,1,22.2719856623131,29181,31739,29181,21.8181818181818,22000,5.5e-06,31739
33820,5,1,18.7998827356805,29182,36397,29182,18.1818181818182,22000,4.6e-06,36397
33823,8,1,29.0375256860259,29184,30921,29184,29.0909090909091,22000,7.3e-06,30921
33824,6,1,21.2605734107912,29186,36000,29186,21.8181818181818,22000,5.5e-06,36000
33825,7,1,25.4038050572836,29186,32841,29186,25.4545454545455,22000,6.4e-06,32841
33827,4,1,14.8254937323594,29188,34399,29188,14.5454545454545,22000,3.7e-06,34399
33829,9,1,33.4808239281116,29188,30059,29188,32.7272727272727,22000,8.2e-06,30059
33830,9,1,32.7994557323335,29189,32910,29189,32.7272727272727,22000,8.2e-06,32910
33831,4,1,15.577214428987,29190,30440,29190,14.5454545454545,22000,3.7e-06,30440
33840,10,1,36.4120617029984,29197,39398,29197,36.3636363636364,22000,9.1e-06,39398
33841,7,1,25.3469272785963,29198,32292,29198,25.4545454545455,22000,6.4e-06,32292
33842,9,1,32.0814916381326,29198,30934,29198,32.7272727272727,22000,8.2e-06,30934
33843,5,1,18.8141778258696,29200,31438,29200,18.1818181818182,22000,4.6e-06,31438
33845,9,1,33.8912491666024,29200,30238,29200,32.7272727272727,22000,8.2e-06,30238
33849,4,1,14.3177928063026,29203,31496,29203,14.5454545454545,22000,3.7e-06,31496
33850,7,1,25.0926420809622,29203,32850,29203,25.4545454545455,22000,6.4e-06,32850
33851,8,1,27.7845036996976,29203,30596,29203,29.0909090909091,22000,7.3e-06,30596
33852,3,1,10.614286929047,29204,36494,29204,10.9090909090909,22000,2.8e-06,36494
33853,5,1,18.8193938615098,29205,30490,29205,18.1818181818182,22000,4.6e-06,30490
33856,8,1,29.3793854451444,29207,31999,29207,29.0909090909091,22000,7.3e-06,31999
33857,10,1,37.4690786354186,29207,30789,29207,36.3636363636364,22000,9.1e-06,30789
33859,5,1,18.1802802978154,29208,31700,29208,18.1818181818182,22000,4.6e-06,31700
33860,7,1,25.2822435653934,29208,41572,29208,25.4545454545455,22000,6.4e-06,41572
33861,8,1,30.8432746232737,29208,30182,29208,29.0909090909091,22000,7.3e-06,30182
33862,10,1,34.9584732428636,29208,30521,29208,36.3636363636364,22000,9.1e-06,30521
33870,6,1,22.826303464889,29214,30360,29214,21.8181818181818,22000,5.5e-06,30360
33871,9,1,32.9713462857228,29214,34683,29214,32.7272727272727,22000,8.2e-06,34683
33872,4,1,14.4121152270378,29215,35580,29215,14.5454545454545,22000,3.7e-06,35580
33873,6,1,22.5205820262204,29215,32217,29215,21.8181818181818,22000,5.5e-06,32217
33874,6,1,21.9681103254744,29215,33494,29215,21.8181818181818,22000,5.5e-06,33494
33875,4,1,14.8385361907693,29217,34181,29217,14.5454545454545,22000,3.7e-06,34181
33876,4,1,14.0965545496425,29217,35853,29217,14.5454545454545,22000,3.7e-06,35853
33877,5,1,17.4463530245345,29217,31517,29217,18.1818181818182,22000,4.6e-06,31517
33881,7,1,24.724606471689,29218,32535,29218,25.4545454545455,22000,6.4e-06,32535
33884,4,1,15.2692223706328,29220,32479,29220,14.5454545454545,22000,3.7e-06,32479
33885,8,1,29.8031936992992,29220,34641,29220,29.0909090909091,22000,7.3e-06,34641
33888,7,1,24.7886520962999,29222,30614,29222,25.4545454545455,22000,6.4e-06,30614
33892,5,1,19.3495939139294,29223,30290,29223,18.1818181818182,22000,4.6e-06,30290
33894,4,1,15.1915126495683,29225,37261,29225,14.5454545454545,22000,3.7e-06,37261
33900,9,1,31.7208785514943,29229,32822,29229,32.7272727272727,22000,8.2e-06,32822
33903,2,1,5.72429503359987,29230,30500,29230,7.27272727272727,22000,1.9e-06,30500
33904,7,1,24.8342314864555,29230,35018,29230,25.4545454545455,22000,6.4e-06,35018
33907,8,1,30.1240498398706,29232,30012,29232,29.0909090909091,22000,7.3e-06,30012
33908,4,1,16.0333520212311,29234,31382,29234,14.5454545454545,22000,3.7e-06,31382
33910,8,1,28.0722885125177,29237,30499,29237,29.0909090909091,22000,7.3e-06,30499
33915,1,1,3.58511827712377,29241,61054,29241,3.63636363636364,22000,1e-06,61054
33916,9,1,32.2416147629733,29241,35574,29241,32.7272727272727,22000,8.2e-06,35574
33920,6,1,22.7931720042778,29243,30781,29243,21.8181818181818,22000,5.5e-06,30781
33921,8,1,30.5037203372086,29243,30323,29243,29.0909090909091,22000,7.3e-06,30323
33922,2,1,7.50924417227526,29245,50664,29245,7.27272727272727,22000,1.9e-06,50664
33923,2,1,7.16279100352629,29245,70706,29245,7.27272727272727,22000,1.9e-06,70706
33924,9,1,33.3479937184485,29245,30290,29245,32.7272727272727,22000,8.2e-06,30290
33925,10,1,37.5051666792703,29245,30138,29245,36.3636363636364,22000,9.1e-06,30138
33927,10,1,36.5834151698786,29248,31172,29248,36.3636363636364,22000,9.1e-06,31172
33928,4,1,15.585330855607,29249,31979,29249,14.5454545454545,22000,3.7e-06,31979
33930,8,1,29.3932683519444,29251,35244,29251,29.0909090909091,22000,7.3e-06,35244
33932,9,1,32.7877523899024,29252,31813,29252,32.7272727272727,22000,8.2e-06,31813
33933,3,1,10.3217670665509,29254,31401,29254,10.9090909090909,22000,2.8e-06,31401
33934,4,1,15.4111232611994,29254,35873,29254,14.5454545454545,22000,3.7e-06,35873
33934,5,0,15.4111232611994,31017,31026,29254,18.1818181818182,22000,4.6e-06,35873
33935,8,1,29.8960013497097,29255,30882,29255,29.0909090909091,22000,7.3e-06,30882
33938,8,1,27.6496324374905,29258,30366,29258,29.0909090909091,22000,7.3e-06,30366
33940,8,1,28.4976867176407,29261,31406,29261,29.0909090909091,22000,7.3e-06,31406
33941,1,1,4.23999407787946,29265,33769,29265,3.63636363636364,22000,1e-06,33769
33942,10,1,36.0845499557029,29265,30930,29265,36.3636363636364,22000,9.1e-06,30930
33945,10,1,35.7858533623694,29267,32480,29267,36.3636363636364,22000,9.1e-06,32480
33946,5,1,18.6371492690388,29269,30853,29269,18.1818181818182,22000,4.6e-06,30853
33947,6,1,21.5996375601028,29270,40138,29270,21.8181818181818,22000,5.5e-06,40138
33950,6,1,20.7928974595266,29271,31776,29271,21.8181818181818,22000,5.5e-06,31776
33951,6,1,22.4895391712093,29272,30196,29272,21.8181818181818,22000,5.5e-06,30196
33953,10,1,36.3261229594657,29274,31006,29274,36.3636363636364,22000,9.1e-06,31006
33956,8,1,29.1019885793497,29278,30730,29278,29.0909090909091,22000,7.3e-06,30730
33957,8,1,29.6082117489135,29278,35194,29278,29.0909090909091,22000,7.3e-06,35194
33960,7,1,25.9469109289126,29282,30534,29282,25.4545454545455,22000,6.4e-06,30534
33961,8,1,29.4321437632255,29282,32267,29282,29.0909090909091,22000,7.3e-06,32267
33963,5,1,17.6664702335152,29283,33121,29283,18.1818181818182,22000,4.6e-06,33121
33964,9,1,32.6662249932414,29283,40318,29283,32.7272727272727,22000,8.2e-06,40318
33965,3,1,11.2539824921788,29285,32624,29285,10.9090909090909,22000,2.8e-06,32624
33965,4,0,11.2539824921788,32417,32427,29285,14.5454545454545,22000,3.7e-06,32624
33966,9,1,33.0115849232402,29285,32169,29285,32.7272727272727,22000,8.2e-06,32169
33971,10,1,36.2784518283197,29289,33347,29289,36.3636363636364,22000,9.1e-06,33347
33972,2,1,7.22806950017153,29290,36618,29290,7.27272727272727,22000,1.9e-06,36618
33973,6,1,21.525645571935,29293,39034,29293,21.8181818181818,22000,5.5e-06,39034
33973,7,0,21.525645571935,38923,38930,29293,25.4545454545455,22000,6.4e-06,39034
33976,10,1,37.8092819673032,29294,30155,29294,36.3636363636364,22000,9.1e-06,30155
33977,4,1,15.3050539547846,29295,31705,29295,14.5454545454545,22000,3.7e-06,31705
33980,7,1,25.3070895291197,29296,30978,29296,25.4545454545455,22000,6.4e-06,30978
33981,6,1,22.3084708948401,29297,31865,29297,21.8181818181818,22000,5.5e-06,31865
33987,8,1,28.9009225745097,29302,32688,29302,29.0909090909091,22000,7.3e-06,32688
33989,10,1,36.1525090290464,29304,30026,29304,36.3636363636364,22000,9.1e-06,30026
33991,4,1,14.6629046560759,29305,31682,29305,14.5454545454545,22000,3.7e-06,31682
33992,4,1,14.9456500107192,29307,39076,29307,14.5454545454545,22000,3.7e-06,39076
33994,4,1,15.2085753385573,29308,33277,29308,14.5454545454545,22000,3.7e-06,33277
33995,3,1,10.7654250128996,29309,32066,29309,10.9090909090909,22000,2.8e-06,32066
33996,7,1,24.8353356518689,29311,31552,29311,25.4545454545455,22000,6.4e-06,31552
33997,10,1,36.4396372870032,29312,32846,29312,36.3636363636364,22000,9.1e-06,32846
33999,10,1,35.9235538387456,29312,31905,29312,36.3636363636364,22000,9.1e-06,31905
34000,7,1,25.0563129568856,29314,30148,29314,25.4545454545455,22000,6.4e-06,30148
34002,8,1,29.9838350367302,29315,33072,29315,29.0909090909091,22000,7.3e-06,33072
34009,8,1,28.5592485657431,29320,33628,29320,29.0909090909091,22000,7.3e-06,33628
34011,2,1,6.56826489714588,29322,37017,29322,7.27272727272727,22000,1.9e-06,37017
34013,9,1,33.0222931506908,29323,32335,29323,32.7272727272727,22000,8.2e-06,32335
34015,9,1,32.6146568143714,29325,31065,29325,32.7272727272727,22000,8.2e-06,31065
34017,10,1,36.3936470279303,29325,30632,29325,36.3636363636364,22000,9.1e-06,30632
34018,9,1,31.5895635074791,29326,30016,29326,32.7272727272727,22000,8.2e-06,30016
34020,5,0,14.119562594238,33115,33118,29329,18.1818181818182,22000,4.6e-06,40776
34020,4,1,14.119562594238,29329,40776,29329,14.5454545454545,22000,3.7e-06,40776
34021,9,1,33.8203066411507,29329,30562,29329,32.7272727272727,22000,8.2e-06,30562
34022,6,1,22.5330765954438,29330,33207,29330,21.8181818181818,22000,5.5e-06,33207
34024,6,1,21.6110326590718,29332,31973,29332,21.8181818181818,22000,5.5e-06,31973
34027,8,1,28.8461991966726,29333,31707,29333,29.0909090909091,22000,7.3e-06,31707
34030,10,1,37.0470841288749,29337,30693,29337,36.3636363636364,22000,9.1e-06,30693
34033,10,1,35.461297098924,29338,30210,29338,36.3636363636364,22000,9.1e-06,30210
34034,4,1,15.3655146081918,29339,31185,29339,14.5454545454545,22000,3.7e-06,31185
34035,5,1,18.4441140229239,29339,34312,29339,18.1818181818182,22000,4.6e-06,34312
34037,10,1,36.1619436220872,29340,31666,29340,36.3636363636364,22000,9.1e-06,31666
34040,2,1,6.4860627704315,29341,30407,29341,7.27272727272727,22000,1.9e-06,30407
34041,6,1,21.6393179241713,29341,30810,29341,21.8181818181818,22000,5.5e-06,30810
34042,9,1,33.6163089632027,29341,31036,29341,32.7272727272727,22000,8.2e-06,31036
34043,5,1,18.3236754597013,29342,30772,29342,18.1818181818182,22000,4.6e-06,30772
34045,4,1,14.0635793891079,29343,48530,29343,14.5454545454545,22000,3.7e-06,48530
34047,4,1,15.392552501984,29346,40624,29346,14.5454545454545,22000,3.7e-06,40624
34052,9,1,32.9916290891675,29351,30166,29351,32.7272727272727,22000,8.2e-06,30166
34053,10,1,35.5036860929293,29351,30091,29351,36.3636363636364,22000,9.1e-06,30091
34056,5,1,18.7170019581167,29353,42257,29353,18.1818181818182,22000,4.6e-06,42257
34057,6,1,22.5115720817803,29353,31650,29353,21.8181818181818,22000,5.5e-06,31650
34058,7,1,24.7460443357488,29353,34031,29353,25.4545454545455,22000,6.4e-06,34031
34060,6,1,21.568435641093,29355,34298,29355,21.8181818181818,22000,5.5e-06,34298
34062,10,1,36.2524977157351,29357,30292,29357,36.3636363636364,22000,9.1e-06,30292
34066,7,1,25.0613388856353,29362,31345,29362,25.4545454545455,22000,6.4e-06,31345
34068,4,1,15.1367811886167,29363,30254,29363,14.5454545454545,22000,3.7e-06,30254
34069,10,1,36.354313820904,29363,32796,29363,36.3636363636364,22000,9.1e-06,32796
34071,9,1,32.6290913192457,29364,33341,29364,32.7272727272727,22000,8.2e-06,33341
34076,9,1,31.656234338577,29366,31561,29366,32.7272727272727,22000,8.2e-06,31561
34080,7,1,25.5044991161529,29370,34528,29370,25.4545454545455,22000,6.4e-06,34528
34081,5,1,17.8688512417694,29374,30696,29374,18.1818181818182,22000,4.6e-06,30696
34082,9,1,32.6155105015385,29374,36456,29374,32.7272727272727,22000,8.2e-06,36456
34084,6,1,23.2298312612286,29375,30009,29375,21.8181818181818,22000,5.5e-06,30009
34085,6,1,20.7427714175885,29377,31799,29377,21.8181818181818,22000,5.5e-06,31799
34086,7,1,24.9047942809981,29377,34317,29377,25.4545454545455,22000,6.4e-06,34317
34087,8,1,28.3325420738333,29377,31330,29377,29.0909090909091,22000,7.3e-06,31330
34088,9,1,31.8353007058925,29377,31422,29377,32.7272727272727,22000,8.2e-06,31422
34089,10,1,36.6878366767237,29377,31815,29377,36.3636363636364,22000,9.1e-06,31815
34090,8,1,29.183933128437,29380,31872,29380,29.0909090909091,22000,7.3e-06,31872
34092,9,1,32.6936665713396,29382,34654,29382,32.7272727272727,22000,8.2e-06,34654
34094,10,1,37.101448390733,29383,31066,29383,36.3636363636364,22000,9.1e-06,31066
34096,6,1,22.3312217359613,29385,36974,29385,21.8181818181818,22000,5.5e-06,36974
34097,7,1,25.5757868836067,29385,39549,29385,25.4545454545455,22000,6.4e-06,39549
34098,3,1,11.4307254188069,29389,41574,29389,10.9090909090909,22000,2.8e-06,41574
34101,6,1,20.8364070595158,29391,30844,29391,21.8181818181818,22000,5.5e-06,30844
34104,2,1,6.45423387769589,29393,32612,29393,7.27272727272727,22000,1.9e-06,32612
34106,4,1,14.9734243734573,29395,34018,29395,14.5454545454545,22000,3.7e-06,34018
34108,5,1,17.5314805720729,29397,31150,29397,18.1818181818182,22000,4.6e-06,31150
34109,7,1,24.4369504031325,29397,30010,29397,25.4545454545455,22000,6.4e-06,30010
34110,4,1,13.7801063095099,29398,34166,29398,14.5454545454545,22000,3.7e-06,34166
34113,9,1,33.1300766436478,29400,36774,29400,32.7272727272727,22000,8.2e-06,36774
34114,6,1,21.4990149692195,29402,32619,29402,21.8181818181818,22000,5.5e-06,32619
34115,9,1,33.3833969098074,29402,32099,29402,32.7272727272727,22000,8.2e-06,32099
34117,10,1,35.7532225200225,29404,31821,29404,36.3636363636364,22000,9.1e-06,31821
34120,10,1,35.5508614172868,29405,32107,29405,36.3636363636364,22000,9.1e-06,32107
34122,4,1,13.5818501939572,29406,32909,29406,14.5454545454545,22000,3.7e-06,32909
34123,7,1,25.0015065877365,29406,37694,29406,25.4545454545455,22000,6.4e-06,37694
34125,5,1,18.3049447202481,29407,32077,29407,18.1818181818182,22000,4.6e-06,32077
34127,5,1,19.0656021381809,29409,30352,29409,18.1818181818182,22000,4.6e-06,30352
34129,6,1,22.7910538979166,29413,31585,29413,21.8181818181818,22000,5.5e-06,31585
34131,3,1,11.1596712357439,29414,30671,29414,10.9090909090909,22000,2.8e-06,30671
34134,8,1,29.5550843688419,29416,34133,29416,29.0909090909091,22000,7.3e-06,34133
34137,7,1,24.8809998152115,29419,30674,29419,25.4545454545455,22000,6.4e-06,30674
34138,4,1,14.7679561954673,29420,33476,29420,14.5454545454545,22000,3.7e-06,33476
34139,7,1,25.9152282290475,29421,31889,29421,25.4545454545455,22000,6.4e-06,31889
34140,5,1,17.6742712775603,29422,36188,29422,18.1818181818182,22000,4.6e-06,36188
34141,8,1,30.5484538527996,29422,30481,29422,29.0909090909091,22000,7.3e-06,30481
34145,8,1,30.3178188628791,29424,33708,29424,29.0909090909091,22000,7.3e-06,33708
34146,6,1,22.3459892156285,29425,31618,29425,21.8181818181818,22000,5.5e-06,31618
34148,9,1,33.6658181013292,29425,33514,29425,32.7272727272727,22000,8.2e-06,33514
34149,9,1,33.1918671596975,29425,34919,29425,32.7272727272727,22000,8.2e-06,34919
34150,1,1,4.52365758160093,29426,30686,29426,3.63636363636364,22000,1e-06,30686
34151,10,1,36.2277911272739,29426,30499,29426,36.3636363636364,22000,9.1e-06,30499
34152,8,1,30.733541306849,29427,30015,29427,29.0909090909091,22000,7.3e-06,30015
34153,8,1,28.3497962130367,29428,31765,29428,29.0909090909091,22000,7.3e-06,31765
34154,10,1,36.1814826236302,29429,30449,29429,36.3636363636364,22000,9.1e-06,30449
34155,10,1,36.1777958678566,29429,32361,29429,36.3636363636364,22000,9.1e-06,32361
34158,9,1,33.2022246950477,29431,35300,29431,32.7272727272727,22000,8.2e-06,35300
34160,5,1,18.1190800307981,29432,35052,29432,18.1818181818182,22000,4.6e-06,35052
34161,3,1,11.071389873664,29433,45152,29433,10.9090909090909,22000,2.8e-06,45152
34162,5,1,18.2217700681041,29433,37280,29433,18.1818181818182,22000,4.6e-06,37280
34163,6,1,21.3496174664773,29433,34000,29433,21.8181818181818,22000,5.5e-06,34000
34165,6,1,22.0993531719475,29434,44826,29434,21.8181818181818,22000,5.5e-06,44826
34166,3,1,13.761043526657,29880,30039,29435,10.9090909090909,22000,2.8e-06,32833
34166,4,1,13.761043526657,29435,32833,29435,14.5454545454545,22000,3.7e-06,32833
34169,10,1,35.8090567948789,29436,38286,29436,36.3636363636364,22000,9.1e-06,38286
34172,5,1,17.7871869334988,29439,31698,29439,18.1818181818182,22000,4.6e-06,31698
34173,7,1,26.2821596759413,29440,31545,29440,25.4545454545455,22000,6.4e-06,31545
34174,8,1,29.4886698103241,29440,35406,29440,29.0909090909091,22000,7.3e-06,35406
34175,10,1,37.1032780967025,29440,34400,29440,36.3636363636364,22000,9.1e-06,34400
34178,6,1,22.1501454518373,29442,30332,29442,21.8181818181818,22000,5.5e-06,30332
34180,10,1,36.8895265857979,29443,33428,29443,36.3636363636364,22000,9.1e-06,33428
34181,10,1,36.4150945061446,29445,30425,29445,36.3636363636364,22000,9.1e-06,30425
34184,4,1,14.593069396073,29447,40017,29447,14.5454545454545,22000,3.7e-06,40017
34186,7,1,24.7249190521678,29448,32189,29448,25.4545454545455,22000,6.4e-06,32189
34188,8,1,30.4219938864558,29450,30360,29450,29.0909090909091,22000,7.3e-06,30360
34192,8,1,28.1671032203591,29452,30534,29452,29.0909090909091,22000,7.3e-06,30534
34194,5,1,16.7074220637378,29456,30019,29456,18.1818181818182,22000,4.6e-06,30019
34195,10,1,34.7664677258885,29458,30684,29458,36.3636363636364,22000,9.1e-06,30684
34197,10,1,35.9877526217725,29460,31491,29460,36.3636363636364,22000,9.1e-06,31491
34199,7,1,24.018711927373,29461,30862,29461,25.4545454545455,22000,6.4e-06,30862
34200,8,1,28.3816223884439,29461,34748,29461,29.0909090909091,22000,7.3e-06,34748
34201,10,1,36.6083715281831,29462,34191,29462,36.3636363636364,22000,9.1e-06,34191
34204,10,1,36.098726151901,29463,34059,29463,36.3636363636364,22000,9.1e-06,34059
34206,6,1,21.436941876109,29465,34812,29465,21.8181818181818,22000,5.5e-06,34812
34208,10,1,36.4798025560508,29465,31568,29465,36.3636363636364,22000,9.1e-06,31568
34209,2,1,7.96113304207814,29467,33322,29467,7.27272727272727,22000,1.9e-06,33322
34210,3,1,10.9842483506392,29467,37101,29467,10.9090909090909,22000,2.8e-06,37101
34211,7,1,26.6345157692154,29467,34224,29467,25.4545454545455,22000,6.4e-06,34224
34216,3,1,11.9083720053045,29471,31477,29471,10.9090909090909,22000,2.8e-06,31477
34217,3,1,11.1863155887191,29471,36140,29471,10.9090909090909,22000,2.8e-06,36140
34218,5,1,18.4322176052365,29471,35728,29471,18.1818181818182,22000,4.6e-06,35728
34219,6,1,20.1584391646814,29471,30227,29471,21.8181818181818,22000,5.5e-06,30227
34220,9,1,32.9507507311791,29473,30030,29473,32.7272727272727,22000,8.2e-06,30030
34221,10,1,36.7996847590428,29473,31683,29473,36.3636363636364,22000,9.1e-06,31683
34230,10,1,36.572813805058,29476,30364,29476,36.3636363636364,22000,9.1e-06,30364
34232,10,1,36.148977736889,29481,31374,29481,36.3636363636364,22000,9.1e-06,31374
34234,7,1,26.2787036682835,29484,31901,29484,25.4545454545455,22000,6.4e-06,31901
34235,10,1,34.8325510920132,29484,31455,29484,36.3636363636364,22000,9.1e-06,31455
34241,10,1,35.8856509193064,29487,32696,29487,36.3636363636364,22000,9.1e-06,32696
34242,1,1,5.47215900887071,29488,31072,29488,3.63636363636364,22000,1e-06,31072
34243,2,1,6.83188124305665,29488,50122,29488,7.27272727272727,22000,1.9e-06,50122
34244,8,1,29.2825113701143,29489,32180,29489,29.0909090909091,22000,7.3e-06,32180
34246,2,1,8.37876122337912,29490,39260,29490,7.27272727272727,22000,1.9e-06,39260
34248,10,1,36.7552027413477,29490,31987,29490,36.3636363636364,22000,9.1e-06,31987
34252,10,1,36.9700025052945,29493,32246,29493,36.3636363636364,22000,9.1e-06,32246
34253,3,1,12.2677131237417,29494,31221,29494,10.9090909090909,22000,2.8e-06,31221
34254,4,1,14.7731717461264,29495,50288,29495,14.5454545454545,22000,3.7e-06,50288
34255,6,1,22.2005528980017,29495,43043,29495,21.8181818181818,22000,5.5e-06,43043
34256,4,1,13.5234875288244,29496,36268,29496,14.5454545454545,22000,3.7e-06,36268
34258,3,1,10.2632889250786,29498,34119,29498,10.9090909090909,22000,2.8e-06,34119
34259,4,1,14.7213250518754,29499,33431,29499,14.5454545454545,22000,3.7e-06,33431
34260,3,1,10.2327575901954,29502,33465,29502,10.9090909090909,22000,2.8e-06,33465
34262,9,1,32.3375939757397,29504,30294,29504,32.7272727272727,22000,8.2e-06,30294
34263,5,1,17.6790104142864,29505,37708,29505,18.1818181818182,22000,4.6e-06,37708
34264,7,1,25.2096295293162,29505,31988,29505,25.4545454545455,22000,6.4e-06,31988
34265,9,1,32.6318072367368,29505,32154,29505,32.7272727272727,22000,8.2e-06,32154
34267,7,1,26.4368426209092,29508,30900,29508,25.4545454545455,22000,6.4e-06,30900
34268,10,1,35.8378200726709,29508,31927,29508,36.3636363636364,22000,9.1e-06,31927
34269,4,1,14.5534115385923,29509,34145,29509,14.5454545454545,22000,3.7e-06,34145
34270,6,1,22.5745477618108,29509,32851,29509,21.8181818181818,22000,5.5e-06,32851
34272,9,1,33.6774622934255,29509,31345,29509,32.7272727272727,22000,8.2e-06,31345
34273,1,1,3.83100304130878,29511,56203,29511,3.63636363636364,22000,1e-06,56203
34274,8,1,29.366854434176,29515,33932,29515,29.0909090909091,22000,7.3e-06,33932
34276,7,1,24.8511570933262,29517,31084,29517,25.4545454545455,22000,6.4e-06,31084
34277,5,1,17.5999646102028,29518,33752,29518,18.1818181818182,22000,4.6e-06,33752
34280,8,1,29.9549261715748,29519,30446,29519,29.0909090909091,22000,7.3e-06,30446
34281,10,1,36.0831407186493,29519,30554,29519,36.3636363636364,22000,9.1e-06,30554
34284,8,1,27.9991818449749,29522,31985,29522,29.0909090909091,22000,7.3e-06,31985
34285,9,1,31.4288421600133,29522,32258,29522,32.7272727272727,22000,8.2e-06,32258
34286,9,1,31.4218517521618,29522,30191,29522,32.7272727272727,22000,8.2e-06,30191
34287,10,1,37.1828461009284,29522,32212,29522,36.3636363636364,22000,9.1e-06,32212
34291,1,1,3.73364153970982,29526,36371,29526,3.63636363636364,22000,1e-06,46475
34293,7,1,25.680860596122,29526,30315,29526,25.4545454545455,22000,6.4e-06,30315
34294,8,1,27.7201876821122,29526,31241,29526,29.0909090909091,22000,7.3e-06,31241
34297,10,1,36.1900221879503,29528,35262,29528,36.3636363636364,22000,9.1e-06,35262
34300,7,1,25.2438634891347,29529,34719,29529,25.4545454545455,22000,6.4e-06,34719
34301,9,1,31.5336034412221,29529,30662,29529,32.7272727272727,22000,8.2e-06,30662
34302,5,1,16.5922114445882,29530,30495,29530,18.1818181818182,22000,4.6e-06,30495
34303,6,1,20.5308415973492,29531,32612,29531,21.8181818181818,22000,5.5e-06,32612
34304,10,1,37.0998164949841,29532,30007,29532,36.3636363636364,22000,9.1e-06,30007
34305,9,1,32.4775356410017,29533,34671,29533,32.7272727272727,22000,8.2e-06,34671
34308,9,1,34.1212447255482,29536,30025,29536,32.7272727272727,22000,8.2e-06,30025
34309,10,1,35.8241135191956,29536,33099,29536,36.3636363636364,22000,9.1e-06,33099
34310,10,1,37.1208185297853,29539,30816,29539,36.3636363636364,22000,9.1e-06,30816
34311,10,1,35.5856736887624,29539,31607,29539,36.3636363636364,22000,9.1e-06,31607
34312,4,1,15.4607043331196,29540,30065,29540,14.5454545454545,22000,3.7e-06,30065
34313,5,1,18.9196236382124,29540,33193,29540,18.1818181818182,22000,4.6e-06,33193
34314,7,1,24.3130407081909,29540,30005,29540,25.4545454545455,22000,6.4e-06,30005
34316,6,1,23.1441516518064,29542,30816,29542,21.8181818181818,22000,5.5e-06,30816
34317,8,1,29.0553567490976,29542,30425,29542,29.0909090909091,22000,7.3e-06,30425
34319,10,1,35.6631855720892,29543,30590,29543,36.3636363636364,22000,9.1e-06,30590
34320,6,1,23.533078796247,29544,30171,29544,21.8181818181818,22000,5.5e-06,30171
34321,6,1,19.8040131538886,29544,30077,29544,21.8181818181818,22000,5.5e-06,30077
34324,5,1,19.4201856735809,29546,32650,29546,18.1818181818182,22000,4.6e-06,32650
34325,7,1,25.2029347932273,29547,38662,29547,25.4545454545455,22000,6.4e-06,38662
34328,2,1,8.2294437850289,29548,35045,29548,7.27272727272727,22000,1.9e-06,35045
34329,9,1,32.3620002788549,29550,30097,29550,32.7272727272727,22000,8.2e-06,30097
34332,10,1,36.0735136324369,29551,32446,29551,36.3636363636364,22000,9.1e-06,32446
34333,4,1,13.668337021836,29552,31752,29552,14.5454545454545,22000,3.7e-06,31752
34335,4,1,15.0998217739572,29554,30645,29554,14.5454545454545,22000,3.7e-06,30645
34336,6,1,20.9756313136029,29554,30117,29554,21.8181818181818,22000,5.5e-06,30117
34341,6,1,20.7366604820157,29557,30429,29557,21.8181818181818,22000,5.5e-06,30429
34343,9,1,32.4402671180343,29557,34135,29557,32.7272727272727,22000,8.2e-06,34135
34345,9,1,31.7456780357185,29559,30888,29559,32.7272727272727,22000,8.2e-06,30888
34347,7,1,25.1128281574544,29560,31144,29560,25.4545454545455,22000,6.4e-06,31144
34349,2,1,8.27588960289413,29561,35982,29561,7.27272727272727,22000,1.9e-06,35982
34350,8,1,27.4687009514238,29561,30144,29561,29.0909090909091,22000,7.3e-06,30144
34351,5,1,19.012847749535,29562,30195,29562,18.1818181818182,22000,4.6e-06,30195
34353,3,1,9.84650620184456,29563,31713,29563,10.9090909090909,22000,2.8e-06,31713
34354,5,1,17.1162334907859,29563,30744,29563,18.1818181818182,22000,4.6e-06,30744
34361,7,1,26.3364297711818,29571,32770,29571,25.4545454545455,22000,6.4e-06,32770
34362,9,1,32.9730819248793,29571,30001,29571,32.7272727272727,22000,8.2e-06,30001
34364,2,1,8.05912152412079,29573,36934,29573,7.27272727272727,22000,1.9e-06,36934
34365,3,1,13.1763975371666,29573,30280,29573,10.9090909090909,22000,2.8e-06,30280
34366,6,1,22.3071529312287,29573,32749,29573,21.8181818181818,22000,5.5e-06,32749
34369,9,1,34.5073368205954,29575,30523,29575,32.7272727272727,22000,8.2e-06,30523
34372,5,1,18.4988315950909,29577,31101,29577,18.1818181818182,22000,4.6e-06,31101
34374,4,1,14.6745787208229,29579,32285,29579,14.5454545454545,22000,3.7e-06,32285
34375,7,1,24.2722165946656,29579,30106,29579,25.4545454545455,22000,6.4e-06,30106
34376,9,1,32.9322804368581,29579,31399,29579,32.7272727272727,22000,8.2e-06,31399
34377,6,1,22.3980160466593,29581,35948,29581,21.8181818181818,22000,5.5e-06,35948
34377,7,0,22.3980160466593,29950,29979,29581,25.4545454545455,22000,6.4e-06,35948
34378,4,1,15.0276684512219,29582,33231,29582,14.5454545454545,22000,3.7e-06,33231
34379,5,1,19.685978520306,29582,30860,29582,18.1818181818182,22000,4.6e-06,30860
34380,6,1,23.6069115751532,29582,30203,29582,21.8181818181818,22000,5.5e-06,30203
34383,6,1,20.8474328184036,29585,33704,29585,21.8181818181818,22000,5.5e-06,33704
34384,7,1,25.3090812673721,29586,30383,29586,25.4545454545455,22000,6.4e-06,30383
34386,6,1,21.4310392597589,29587,32335,29587,21.8181818181818,22000,5.5e-06,32335
34387,10,1,35.7443350559218,29587,36415,29587,36.3636363636364,22000,9.1e-06,36415
34388,8,1,27.9910715213718,29590,30308,29590,29.0909090909091,22000,7.3e-06,30308
34389,8,1,28.9900025332612,29590,31797,29590,29.0909090909091,22000,7.3e-06,31797
34390,8,1,29.4065048736568,29590,33003,29590,29.0909090909091,22000,7.3e-06,33003
34391,9,1,32.6884700846469,29590,30316,29590,32.7272727272727,22000,8.2e-06,30316
34392,10,1,36.4097641720961,29590,30700,29590,36.3636363636364,22000,9.1e-06,30700
34393,4,1,16.1127015117698,29592,32632,29592,14.5454545454545,22000,3.7e-06,32632
34394,5,1,19.5019614158074,29592,30295,29592,18.1818181818182,22000,4.6e-06,30295
34395,5,1,18.7641226307082,29592,31367,29592,18.1818181818182,22000,4.6e-06,31367
34396,6,1,20.5248570508532,29592,32211,29592,21.8181818181818,22000,5.5e-06,32211
34397,2,1,7.3024179145611,29593,39741,29593,7.27272727272727,22000,1.9e-06,39741
34401,10,1,36.4237112687203,29595,31302,29595,36.3636363636364,22000,9.1e-06,31302
34402,8,1,29.9005628655405,29597,30424,29597,29.0909090909091,22000,7.3e-06,30424
34405,8,1,28.1485083239731,29598,33093,29598,29.0909090909091,22000,7.3e-06,33093
34406,8,1,28.933943589079,29598,31538,29598,29.0909090909091,22000,7.3e-06,31538
34407,9,1,33.557455272501,29598,33003,29598,32.7272727272727,22000,8.2e-06,33003
34409,9,1,33.3697018281319,29600,31022,29600,32.7272727272727,22000,8.2e-06,31022
34412,8,1,29.6575092186232,29601,30229,29601,29.0909090909091,22000,7.3e-06,30229
34413,9,1,33.338100700352,29601,30082,29601,32.7272727272727,22000,8.2e-06,30082
34415,4,1,13.4825350868454,29604,30869,29604,14.5454545454545,22000,3.7e-06,30869
34416,6,1,21.7604253748976,29604,32874,29604,21.8181818181818,22000,5.5e-06,32874
34417,3,1,12.6346231121579,29605,30802,29605,10.9090909090909,22000,2.8e-06,30802
34418,7,1,25.7968269161769,29605,38802,29605,25.4545454545455,22000,6.4e-06,38802
34420,10,1,37.4643835844063,29606,31066,29606,36.3636363636364,22000,9.1e-06,31066
34421,2,1,7.08045067634409,29609,33458,29609,7.27272727272727,22000,1.9e-06,33458
34422,4,1,15.750521799716,29609,30437,29609,14.5454545454545,22000,3.7e-06,30437
34423,10,1,35.4965791149148,29610,30946,29610,36.3636363636364,22000,9.1e-06,30946
34424,2,1,7.13942127657627,29611,77367,29611,7.27272727272727,22000,1.9e-06,77367
34425,4,1,14.4593663066889,29612,32727,29612,14.5454545454545,22000,3.7e-06,32727
34428,2,1,6.89073492462946,29614,30053,29614,7.27272727272727,22000,1.9e-06,30053
34431,4,1,14.6208266631484,29617,31453,29617,14.5454545454545,22000,3.7e-06,31453
34432,7,1,25.3170908485817,29617,35803,29617,25.4545454545455,22000,6.4e-06,35803
34436,4,1,13.5664505792115,29621,33039,29621,14.5454545454545,22000,3.7e-06,33039
34440,10,1,35.6172329033431,29622,31228,29622,36.3636363636364,22000,9.1e-06,31228
34442,6,1,22.1988867090425,29623,30506,29623,21.8181818181818,22000,5.5e-06,30506
34443,7,0,29.8686718807587,29825,29827,29624,25.4545454545455,22000,6.4e-06,31860
34443,8,1,29.8686718807587,29624,31860,29624,29.0909090909091,22000,7.3e-06,31860
34444,9,1,32.3161823242359,29625,38237,29625,32.7272727272727,22000,8.2e-06,38237
34445,6,1,20.5773157915401,29626,30091,29626,21.8181818181818,22000,5.5e-06,30091
34446,7,1,26.3183243939068,29626,32525,29626,25.4545454545455,22000,6.4e-06,32525
34447,3,1,12.155322697371,29627,33347,29627,10.9090909090909,22000,2.8e-06,33347
34448,8,1,29.5825558840068,29628,30014,29628,29.0909090909091,22000,7.3e-06,30014
34449,10,1,35.6693565409505,29628,30558,29628,36.3636363636364,22000,9.1e-06,30558
34451,3,1,10.5721268013382,29631,36332,29631,10.9090909090909,22000,2.8e-06,36332
34452,6,1,21.0645235114489,29631,30668,29631,21.8181818181818,22000,5.5e-06,30668
34454,6,1,22.2355931625457,29632,30168,29632,21.8181818181818,22000,5.5e-06,30168
34455,7,1,24.8870846172073,29632,32748,29632,25.4545454545455,22000,6.4e-06,32748
34460,3,1,9.44130931021521,29636,30157,29636,10.9090909090909,22000,2.8e-06,30157
34461,8,1,29.3416435920908,29636,39308,29636,29.0909090909091,22000,7.3e-06,39308
34463,5,1,17.8607972072673,29637,32604,29637,18.1818181818182,22000,4.6e-06,32604
34470,4,1,14.9596567728531,29641,46631,29641,14.5454545454545,22000,3.7e-06,46631
34470,3,0,14.9596567728531,30248,30253,29641,10.9090909090909,22000,2.8e-06,46631
34471,3,1,11.2592288339821,29643,57837,29643,10.9090909090909,22000,2.8e-06,57837
34473,10,1,35.7222268283354,29644,32576,29644,36.3636363636364,22000,9.1e-06,32576
34475,5,1,17.98437888287,29645,31453,29645,18.1818181818182,22000,4.6e-06,31453
34476,8,1,28.8158436622141,29645,31295,29645,29.0909090909091,22000,7.3e-06,31295
34478,3,1,9.78405514527246,29647,30598,29647,10.9090909090909,22000,2.8e-06,30598
34482,3,1,12.3628037956767,29649,32302,29649,10.9090909090909,22000,2.8e-06,32302
34483,9,1,31.208937790083,29649,30457,29649,32.7272727272727,22000,8.2e-06,30457
34484,10,1,35.4649612051939,29649,31273,29649,36.3636363636364,22000,9.1e-06,31273
34485,2,1,7.69370073681652,29650,41130,29650,7.27272727272727,22000,1.9e-06,41130
34486,4,1,15.6402511518336,29650,30107,29650,14.5454545454545,22000,3.7e-06,30107
34487,5,1,16.6517979398828,29651,31764,29651,18.1818181818182,22000,4.6e-06,31764
34488,8,1,28.7218988193975,29652,30696,29652,29.0909090909091,22000,7.3e-06,30696
34489,6,1,22.0811786995005,29653,30422,29653,21.8181818181818,22000,5.5e-06,30422
34490,8,1,28.2144364675571,29653,31168,29653,29.0909090909091,22000,7.3e-06,31168
34492,9,1,32.8290277591828,29653,37040,29653,32.7272727272727,22000,8.2e-06,37040
34493,3,1,11.109670229096,29654,31034,29654,10.9090909090909,22000,2.8e-06,31034
34494,10,1,35.0914247486373,29654,30175,29654,36.3636363636364,22000,9.1e-06,30175
34495,5,1,18.1884251434389,29656,30749,29656,18.1818181818182,22000,4.6e-06,30749
34497,8,1,29.129106826717,29657,30967,29657,29.0909090909091,22000,7.3e-06,30967
34502,7,1,25.5398117867855,29660,44018,29660,25.4545454545455,22000,6.4e-06,44018
34507,3,1,10.1405611474538,29664,30904,29664,10.9090909090909,22000,2.8e-06,30904
34508,3,0,14.776174887193,31272,31278,29665,10.9090909090909,22000,2.8e-06,37668
34508,4,1,14.776174887193,29665,37668,29665,14.5454545454545,22000,3.7e-06,37668
34509,10,1,34.7184313755414,29665,30502,29665,36.3636363636364,22000,9.1e-06,30502
34510,8,1,29.411462183426,29666,31157,29666,29.0909090909091,22000,7.3e-06,31157
34511,8,1,27.8047226227296,29666,31158,29666,29.0909090909091,22000,7.3e-06,31158
34516,8,1,28.4009413427774,29671,32143,29671,29.0909090909091,22000,7.3e-06,32143
34517,6,1,21.8466656322756,29672,44169,29672,21.8181818181818,22000,5.5e-06,44169
34519,7,1,25.3866575914505,29673,31391,29673,25.4545454545455,22000,6.4e-06,31391
34520,8,1,29.9292432109642,29673,36521,29673,29.0909090909091,22000,7.3e-06,36521
34521,6,1,22.0808345247904,29675,34003,29675,21.8181818181818,22000,5.5e-06,34003
34523,5,1,19.3274093715443,29676,32112,29676,18.1818181818182,22000,4.6e-06,32112
34524,9,1,31.8639048457835,29676,36287,29676,32.7272727272727,22000,8.2e-06,36287
34525,5,1,17.9305030934658,29677,31263,29677,18.1818181818182,22000,4.6e-06,31263
34530,1,1,1.77361642457089,29681,30687,29681,3.63636363636364,22000,1e-06,30687
34532,5,1,18.6787406302748,29682,35080,29682,18.1818181818182,22000,4.6e-06,35080
34533,6,1,21.6481742492467,29683,30673,29683,21.8181818181818,22000,5.5e-06,30673
34534,8,1,29.9628360822138,29683,30809,29683,29.0909090909091,22000,7.3e-06,30809
34537,5,1,18.745399186603,29684,32860,29684,18.1818181818182,22000,4.6e-06,32860
34538,10,1,37.1958018745106,29686,30763,29686,36.3636363636364,22000,9.1e-06,30763
34539,4,1,14.4520279522754,29687,32978,29687,14.5454545454545,22000,3.7e-06,32978
34542,9,1,31.6790609109657,29688,32161,29688,32.7272727272727,22000,8.2e-06,32161
34543,9,0,36.2339294712333,30689,30695,29688,32.7272727272727,22000,8.2e-06,35926
34543,10,1,36.2339294712333,29688,35926,29688,36.3636363636364,22000,9.1e-06,35926
34544,10,1,36.9560893730312,29689,31322,29689,36.3636363636364,22000,9.1e-06,31322
34547,10,1,37.5033425949663,29692,30369,29692,36.3636363636364,22000,9.1e-06,30369
34548,3,1,11.3325565307421,29693,34971,29693,10.9090909090909,22000,2.8e-06,34971
34549,7,1,25.6251344310029,29696,30610,29696,25.4545454545455,22000,6.4e-06,30610
34550,3,1,11.898075247262,29697,32352,29697,10.9090909090909,22000,2.8e-06,32352
34550,4,0,11.898075247262,30557,30617,29697,14.5454545454545,22000,3.7e-06,32352
34551,10,1,36.4968364131412,29697,34686,29697,36.3636363636364,22000,9.1e-06,34686
34553,3,1,10.9067868668766,29700,50854,29700,10.9090909090909,22000,2.8e-06,50854
34554,5,1,20.1977340119849,29700,30038,29700,18.1818181818182,22000,4.6e-06,30038
34564,8,1,27.6902501739703,29708,30848,29708,29.0909090909091,22000,7.3e-06,30848
34566,9,1,32.1981451372676,29709,32446,29709,32.7272727272727,22000,8.2e-06,32446
34570,5,1,17.6785105399146,29712,35760,29712,18.1818181818182,22000,4.6e-06,35760
34571,9,1,33.0658102584743,29712,30531,29712,32.7272727272727,22000,8.2e-06,30531
34572,7,1,25.5553042134205,29714,35184,29714,25.4545454545455,22000,6.4e-06,35184
34573,10,1,36.1382713253423,29714,30351,29714,36.3636363636364,22000,9.1e-06,30351
34575,5,1,17.4858492236886,29718,54888,29718,18.1818181818182,22000,4.6e-06,54888
34576,9,1,33.4699590670243,29718,32591,29718,32.7272727272727,22000,8.2e-06,32591
34577,6,1,21.6172297208275,29719,36868,29719,21.8181818181818,22000,5.5e-06,36868
34578,6,1,21.3666332052384,29720,36863,29720,21.8181818181818,22000,5.5e-06,36863
34579,9,1,32.4201638455718,29720,32416,29720,32.7272727272727,22000,8.2e-06,32416
34581,6,1,22.6175698119245,29722,30676,29722,21.8181818181818,22000,5.5e-06,30676
34582,8,1,29.3941147647393,29722,31992,29722,29.0909090909091,22000,7.3e-06,31992
34583,8,1,29.2493152711994,29723,30670,29723,29.0909090909091,22000,7.3e-06,30670
34584,9,1,32.9355569779836,29723,32165,29723,32.7272727272727,22000,8.2e-06,32165
34585,9,1,31.4896436856677,29723,30190,29723,32.7272727272727,22000,8.2e-06,30190
34586,6,1,23.925825678467,29724,30072,29724,21.8181818181818,22000,5.5e-06,30072
34588,10,1,36.1374261856807,29725,33903,29725,36.3636363636364,22000,9.1e-06,33903
34590,8,1,28.0499002065201,29727,31948,29727,29.0909090909091,22000,7.3e-06,31948
34591,4,1,14.213702286552,29728,31461,29728,14.5454545454545,22000,3.7e-06,31461
34592,6,1,20.5454715063131,29728,30949,29728,21.8181818181818,22000,5.5e-06,30949
34593,6,1,22.4311784038745,29728,39489,29728,21.8181818181818,22000,5.5e-06,39489
34594,7,1,25.2973631465144,29729,32811,29729,25.4545454545455,22000,6.4e-06,32811
34595,9,1,32.5181061999037,29730,33978,29730,32.7272727272727,22000,8.2e-06,33978
34596,9,1,32.9639969058605,29731,37003,29731,32.7272727272727,22000,8.2e-06,37003
34597,10,1,35.7381736170194,29731,34462,29731,36.3636363636364,22000,9.1e-06,34462
34599,9,1,33.3164269207849,29732,31063,29732,32.7272727272727,22000,8.2e-06,31063
34600,8,1,28.9251525883689,29733,30180,29733,29.0909090909091,22000,7.3e-06,30180
34604,5,1,17.6240235717812,29737,32334,29737,18.1818181818182,22000,4.6e-06,32334
34607,10,1,36.5047515194027,29739,30810,29739,36.3636363636364,22000,9.1e-06,30810
34608,2,1,7.88001185698078,29740,40163,29740,7.27272727272727,22000,1.9e-06,40163
34610,10,1,36.4270517977891,29743,32282,29743,36.3636363636364,22000,9.1e-06,32282
34612,7,1,24.0556437992262,29745,30918,29745,25.4545454545455,22000,6.4e-06,30918
34614,9,1,32.9741318537263,29745,31025,29745,32.7272727272727,22000,8.2e-06,31025
34616,5,1,17.5923353473503,29746,35517,29746,18.1818181818182,22000,4.6e-06,35517
34617,6,1,22.3875829054394,29746,33722,29746,21.8181818181818,22000,5.5e-06,33722
34618,10,1,36.9203601723564,29748,30403,29748,36.3636363636364,22000,9.1e-06,30403
34619,9,1,31.6044889913857,29749,30469,29749,32.7272727272727,22000,8.2e-06,30469
34621,9,1,33.9279373778831,29751,31975,29751,32.7272727272727,22000,8.2e-06,31975
34622,6,1,20.4193389332125,29752,30359,29752,21.8181818181818,22000,5.5e-06,30359
34624,3,1,11.3070487686862,29755,31746,29755,10.9090909090909,22000,2.8e-06,31746
34625,6,1,21.8735976425345,29755,30044,29755,21.8181818181818,22000,5.5e-06,30044
34627,9,1,34.3571255279103,29757,30181,29757,32.7272727272727,22000,8.2e-06,30181
34628,6,0,25.541447623023,34099,34102,29758,21.8181818181818,22000,5.5e-06,34815
34628,7,1,25.541447623023,29758,34815,29758,25.4545454545455,22000,6.4e-06,34815
34630,1,1,3.92128573377847,29760,80598,29760,3.63636363636364,22000,1e-06,80598
34631,7,1,25.4988049307557,29761,32526,29761,25.4545454545455,22000,6.4e-06,32526
34633,7,1,25.7625720166622,29763,33572,29763,25.4545454545455,22000,6.4e-06,33572
34635,5,1,19.2806979296443,29764,34107,29764,18.1818181818182,22000,4.6e-06,34107
34636,2,1,6.31428199751623,29765,36285,29765,7.27272727272727,22000,1.9e-06,36285
34641,5,1,17.4290583409233,29773,30280,29773,18.1818181818182,22000,4.6e-06,30280
34643,7,1,24.1630839857737,29775,30334,29775,25.4545454545455,22000,6.4e-06,30334
34645,1,1,4.0378092455075,29779,36910,29779,3.63636363636364,22000,1e-06,36910
34646,5,1,17.6326850533573,29780,30073,29780,18.1818181818182,22000,4.6e-06,30073
34647,6,1,21.0141842851126,29780,36948,29780,21.8181818181818,22000,5.5e-06,36948
34648,4,1,13.505333673231,29781,33484,29781,14.5454545454545,22000,3.7e-06,33484
34650,3,1,10.65274573494,29784,36941,29784,10.9090909090909,22000,2.8e-06,36941
34651,1,1,2.99198699910052,29785,56185,29785,3.63636363636364,22000,1e-06,56185
34652,1,1,4.02154249733703,29785,66482,29785,3.63636363636364,22000,1e-06,66482
34654,6,1,21.1819895589214,29786,35556,29786,21.8181818181818,22000,5.5e-06,35556
34656,8,1,30.4059080160829,29787,30581,29787,29.0909090909091,22000,7.3e-06,30581
34658,9,1,33.6623986189343,29788,31974,29788,32.7272727272727,22000,8.2e-06,31974
34661,9,1,33.1136785277158,29790,30611,29790,32.7272727272727,22000,8.2e-06,30611
34662,5,1,17.2690668618434,29791,38602,29791,18.1818181818182,22000,4.6e-06,38602
34663,4,1,13.1569856841222,29793,30299,29793,14.5454545454545,22000,3.7e-06,30299
34664,6,1,22.2910104869894,29793,33688,29793,21.8181818181818,22000,5.5e-06,33688
34665,6,1,21.5861109932301,29794,30396,29794,21.8181818181818,22000,5.5e-06,30396
34666,10,1,35.3208179266421,29794,31345,29794,36.3636363636364,22000,9.1e-06,31345
34667,5,1,18.1277311044694,29795,39553,29795,18.1818181818182,22000,4.6e-06,39553
34668,2,1,8.2104788280368,29796,34469,29796,7.27272727272727,22000,1.9e-06,34469
34670,8,1,28.2120257121002,29796,36715,29796,29.0909090909091,22000,7.3e-06,36715
34672,5,1,19.587761101495,29798,30154,29798,18.1818181818182,22000,4.6e-06,30154
34678,10,1,35.7427326151527,29803,34369,29803,36.3636363636364,22000,9.1e-06,34369
34679,7,1,24.9550002858429,29805,32498,29805,25.4545454545455,22000,6.4e-06,32498
34682,1,1,4.63490129839517,29806,41620,29806,3.63636363636364,22000,1e-06,41620
34683,3,1,9.92415087953239,29806,34130,29806,10.9090909090909,22000,2.8e-06,34130
34683,4,0,9.92415087953239,30885,30886,29806,14.5454545454545,22000,3.7e-06,34130
34684,6,1,20.6341107198478,29806,32921,29806,21.8181818181818,22000,5.5e-06,32921
34687,5,1,18.677095710828,29810,30022,29810,18.1818181818182,22000,4.6e-06,30022
34688,3,1,11.1490794108502,29811,42198,29811,10.9090909090909,22000,2.8e-06,42198
34689,3,1,12.7759818349769,29811,30343,29811,10.9090909090909,22000,2.8e-06,30343
34691,7,1,26.0346644614285,29811,30677,29811,25.4545454545455,22000,6.4e-06,30677
34692,5,1,18.7688577948566,29812,34365,29812,18.1818181818182,22000,4.6e-06,34365
34693,8,1,28.2568692544269,29812,31413,29812,29.0909090909091,22000,7.3e-06,31413
34694,8,1,28.8761313186563,29813,33785,29813,29.0909090909091,22000,7.3e-06,33785
34695,4,1,12.7624142169399,29814,30019,29814,14.5454545454545,22000,3.7e-06,30019
34697,10,1,37.5015691910036,29815,30066,29815,36.3636363636364,22000,9.1e-06,30066
34698,5,1,17.1478187112551,29816,34164,29816,18.1818181818182,22000,4.6e-06,34164
34699,9,1,32.3475130997532,29816,36707,29816,32.7272727272727,22000,8.2e-06,36707
34700,8,1,30.0765480041464,29817,32145,29817,29.0909090909091,22000,7.3e-06,32145
34701,10,1,37.0274438060022,29817,31623,29817,36.3636363636364,22000,9.1e-06,31623
34704,7,1,24.5572034825617,29819,31529,29819,25.4545454545455,22000,6.4e-06,31529
34705,7,1,24.6781000856642,29819,38210,29819,25.4545454545455,22000,6.4e-06,38210
34708,8,1,29.5107650407183,29821,32744,29821,29.0909090909091,22000,7.3e-06,32744
34709,4,1,15.7075956346731,29823,32737,29823,14.5454545454545,22000,3.7e-06,32737
34710,5,1,18.4918359038771,29823,41882,29823,18.1818181818182,22000,4.6e-06,41882
34711,8,1,29.287257667862,29824,32411,29824,29.0909090909091,22000,7.3e-06,32411
34713,10,1,34.6990012655481,29825,30107,29825,36.3636363636364,22000,9.1e-06,30107
34714,7,1,24.7369385488309,29826,30475,29826,25.4545454545455,22000,6.4e-06,30475
34715,7,1,24.3223038404126,29826,30058,29826,25.4545454545455,22000,6.4e-06,30058
34716,8,1,29.023966102814,29826,31155,29826,29.0909090909091,22000,7.3e-06,31155
34717,6,1,21.07049881647,29827,30158,29827,21.8181818181818,22000,5.5e-06,30158
34720,7,1,25.8584637567326,29830,33990,29830,25.4545454545455,22000,6.4e-06,33990
34721,7,1,25.3037257993945,29831,33356,29831,25.4545454545455,22000,6.4e-06,33356
34722,7,1,24.8395335230819,29832,30726,29832,25.4545454545455,22000,6.4e-06,30726
34723,7,1,25.0838304433294,29834,33791,29834,25.4545454545455,22000,6.4e-06,33791
34724,9,1,33.1544833113127,29834,31515,29834,32.7272727272727,22000,8.2e-06,31515
34725,10,1,37.1834920105817,29834,33545,29834,36.3636363636364,22000,9.1e-06,33545
34726,4,1,14.9394866497771,29835,37443,29835,14.5454545454545,22000,3.7e-06,37443
34727,6,1,20.9485424950869,29837,30850,29837,21.8181818181818,22000,5.5e-06,30850
34729,9,0,30.0592506015496,30399,30618,29839,32.7272727272727,22000,8.2e-06,31271
34729,8,1,30.0592506015496,29839,31271,29839,29.0909090909091,22000,7.3e-06,31271
34731,10,1,35.9160840844578,29841,30859,29841,36.3636363636364,22000,9.1e-06,30859
34732,10,1,37.2351558061424,29843,33958,29843,36.3636363636364,22000,9.1e-06,33958
34736,10,1,36.1362741524784,29844,30977,29844,36.3636363636364,22000,9.1e-06,30977
34738,6,1,21.7343084026693,29846,31841,29846,21.8181818181818,22000,5.5e-06,31841
34739,6,1,21.9678633396731,29847,32625,29847,21.8181818181818,22000,5.5e-06,32625
34740,9,1,31.5417877359123,29847,30389,29847,32.7272727272727,22000,8.2e-06,30389
34741,2,1,8.26387612321368,29849,31660,29849,7.27272727272727,22000,1.9e-06,31660
34742,8,1,27.6296579271992,29849,30321,29849,29.0909090909091,22000,7.3e-06,30321
34743,10,1,36.5981610737467,29849,39518,29849,36.3636363636364,22000,9.1e-06,39518
34744,5,1,18.3624831731066,29850,30209,29850,18.1818181818182,22000,4.6e-06,30209
34745,5,1,17.474491117916,29851,31903,29851,18.1818181818182,22000,4.6e-06,31903
34747,1,1,2.48262879935552,29853,31049,29853,3.63636363636364,22000,1e-06,31049
34748,5,1,19.5040653994328,29854,30252,29854,18.1818181818182,22000,4.6e-06,30252
34749,2,1,8.00288965091935,29858,42711,29858,7.27272727272727,22000,1.9e-06,42711
34750,10,1,36.2449631713598,29858,33155,29858,36.3636363636364,22000,9.1e-06,33155
34751,10,1,35.9505230699991,29859,33505,29859,36.3636363636364,22000,9.1e-06,33505
34753,10,1,35.9453177410429,29861,30916,29861,36.3636363636364,22000,9.1e-06,30916
34755,3,1,11.2563820745708,29862,30691,29862,10.9090909090909,22000,2.8e-06,30691
34756,7,1,24.9254856773873,29862,31395,29862,25.4545454545455,22000,6.4e-06,31395
34757,9,1,33.1858348208297,29862,36254,29862,32.7272727272727,22000,8.2e-06,36254
34757,10,0,33.1858348208297,34616,34628,29862,36.3636363636364,22000,9.1e-06,36254
34759,4,1,13.7733945471414,29863,30659,29863,14.5454545454545,22000,3.7e-06,30659
34760,9,1,33.1553138818654,29863,34881,29863,32.7272727272727,22000,8.2e-06,34881
34760,10,0,33.1553138818654,31577,31610,29863,36.3636363636364,22000,9.1e-06,34881
34763,5,1,17.0960709399895,29865,31439,29865,18.1818181818182,22000,4.6e-06,31439
34764,9,1,33.1471447733099,29865,35685,29865,32.7272727272727,22000,8.2e-06,35685
34765,9,1,33.4625398437391,29865,30805,29865,32.7272727272727,22000,8.2e-06,30805
34767,5,1,18.4752572902106,29867,42434,29867,18.1818181818182,22000,4.6e-06,42434
34768,10,1,36.7992860652546,29867,31633,29867,36.3636363636364,22000,9.1e-06,31633
34769,8,1,27.2705314260409,29868,30641,29868,29.0909090909091,22000,7.3e-06,30641
34770,9,1,31.8207425086988,29868,34009,29868,32.7272727272727,22000,8.2e-06,34009
34771,9,1,33.7382084673579,29869,30316,29869,32.7272727272727,22000,8.2e-06,30316
34772,2,1,7.59119955170805,29870,47489,29870,7.27272727272727,22000,1.9e-06,47489
34773,7,1,25.0569947416887,29870,33646,29870,25.4545454545455,22000,6.4e-06,33646
34775,7,1,25.259979848178,29871,30525,29871,25.4545454545455,22000,6.4e-06,30525
34777,4,1,12.5790034015069,29873,30094,29873,14.5454545454545,22000,3.7e-06,30094
34778,10,1,35.9694748125646,29873,33219,29873,36.3636363636364,22000,9.1e-06,33219
34780,9,1,33.3856597761633,29874,31849,29874,32.7272727272727,22000,8.2e-06,31849
34782,8,1,30.5101247725351,29875,30083,29875,29.0909090909091,22000,7.3e-06,30083
34783,4,1,15.5344844454279,29878,30301,29878,14.5454545454545,22000,3.7e-06,30301
34785,10,1,36.9975906519116,29881,32673,29881,36.3636363636364,22000,9.1e-06,32673
34789,3,1,11.4259196534664,29883,38993,29883,10.9090909090909,22000,2.8e-06,38993
34791,5,1,17.026140975114,29885,30461,29885,18.1818181818182,22000,4.6e-06,30461
34792,2,1,8.58803280094998,29886,39222,29886,7.27272727272727,22000,1.9e-06,39222
34795,9,1,31.5636338255355,29887,30765,29887,32.7272727272727,22000,8.2e-06,30765
34796,9,1,33.4696611713123,29888,30689,29888,32.7272727272727,22000,8.2e-06,30689
34797,10,1,37.543487619969,29889,32387,29889,36.3636363636364,22000,9.1e-06,32387
34798,7,1,26.2098536091544,29891,30646,29891,25.4545454545455,22000,6.4e-06,30646
34800,7,1,25.8401039336724,29892,33143,29892,25.4545454545455,22000,6.4e-06,33143
34802,9,1,33.0965340424787,29892,34497,29892,32.7272727272727,22000,8.2e-06,34497
34805,10,1,36.2510808547183,29894,32208,29894,36.3636363636364,22000,9.1e-06,32208
34806,10,1,34.2418396264147,29894,30018,29894,36.3636363636364,22000,9.1e-06,30018
34810,10,1,36.4950471324667,29898,33139,29898,36.3636363636364,22000,9.1e-06,33139
34813,8,1,29.5080334150957,29899,32410,29899,29.0909090909091,22000,7.3e-06,32410
34814,9,1,33.577428324183,29901,30036,29901,32.7272727272727,22000,8.2e-06,30036
34815,9,1,33.2656483291032,29901,30258,29901,32.7272727272727,22000,8.2e-06,30258
34816,9,1,34.0277589752008,29902,30302,29902,32.7272727272727,22000,8.2e-06,30302
34818,1,1,3.25984651997419,29903,43151,29903,3.63636363636364,22000,1e-06,43151
34821,6,1,22.3600414123142,29908,30798,29908,21.8181818181818,22000,5.5e-06,30798
34822,10,1,36.3915415148429,29908,30145,29908,36.3636363636364,22000,9.1e-06,30145
34823,10,1,35.074041161886,29908,30785,29908,36.3636363636364,22000,9.1e-06,30785
34825,8,1,30.1244091041151,29910,30691,29910,29.0909090909091,22000,7.3e-06,30691
34826,8,1,28.4184483259867,29911,30764,29911,29.0909090909091,22000,7.3e-06,30764
34828,2,1,7.10820936039083,29913,39287,29913,7.27272727272727,22000,1.9e-06,39287
34829,8,1,27.9557081607655,29913,30240,29913,29.0909090909091,22000,7.3e-06,30240
34831,10,1,38.2197274120126,29914,30020,29914,36.3636363636364,22000,9.1e-06,30020
34832,7,1,27.33784868272,29915,30146,29915,25.4545454545455,22000,6.4e-06,30146
34833,10,1,36.3912099376827,29915,35576,29915,36.3636363636364,22000,9.1e-06,35576
34834,9,1,32.858824347906,29916,34688,29916,32.7272727272727,22000,8.2e-06,34688
34835,3,1,11.0691281885251,29921,30437,29921,10.9090909090909,22000,2.8e-06,30437
34836,8,1,28.5984111322253,29923,31800,29923,29.0909090909091,22000,7.3e-06,31800
34837,8,1,30.3413959726929,29923,30772,29923,29.0909090909091,22000,7.3e-06,30772
34838,10,1,36.6365107934619,29923,31495,29923,36.3636363636364,22000,9.1e-06,31495
34839,6,1,23.4829396834205,29924,30432,29924,21.8181818181818,22000,5.5e-06,30432
34840,9,1,32.1725056666873,29927,30606,29927,32.7272727272727,22000,8.2e-06,30606
34841,9,1,32.3742190144005,29928,30739,29928,32.7272727272727,22000,8.2e-06,30739
34842,8,1,28.4918205970017,29929,38285,29929,29.0909090909091,22000,7.3e-06,38285
34843,6,1,20.6227720652955,29930,36895,29930,21.8181818181818,22000,5.5e-06,36895
34844,4,1,13.7252026656469,29931,31684,29931,14.5454545454545,22000,3.7e-06,31684
34845,5,1,16.232159063124,29931,30024,29931,18.1818181818182,22000,4.6e-06,30024
34846,7,1,25.7265010366867,29932,32308,29932,25.4545454545455,22000,6.4e-06,32308
34847,5,1,17.7604952151951,29938,30323,29938,18.1818181818182,22000,4.6e-06,30323
34848,6,1,20.4842270772659,29938,30703,29938,21.8181818181818,22000,5.5e-06,30703
34849,9,1,33.1765101772299,29938,30757,29938,32.7272727272727,22000,8.2e-06,30757
34850,1,1,4.67275248070132,29941,34122,29941,3.63636363636364,22000,1e-06,34122
34852,7,1,25.8099931743132,29942,32242,29942,25.4545454545455,22000,6.4e-06,32242
34854,7,1,24.9806574075814,29943,32069,29943,25.4545454545455,22000,6.4e-06,32069
34855,8,1,28.9215212247546,29943,32169,29943,29.0909090909091,22000,7.3e-06,32169
34856,6,1,20.8741592301288,29944,31893,29944,21.8181818181818,22000,5.5e-06,31893
34857,7,1,24.8604996278471,29946,33108,29946,25.4545454545455,22000,6.4e-06,33108
34859,5,1,18.1900080554966,29947,34102,29947,18.1818181818182,22000,4.6e-06,34102
34860,8,1,29.2857453306571,29947,37698,29947,29.0909090909091,22000,7.3e-06,37698
34861,7,1,25.1464488252953,29949,31237,29949,25.4545454545455,22000,6.4e-06,31237
34862,10,1,36.1595026123422,29949,35829,29949,36.3636363636364,22000,9.1e-06,35829
34865,5,1,18.2551282722442,29951,31941,29951,18.1818181818182,22000,4.6e-06,31941
34866,4,1,13.3677852457003,29952,31070,29952,14.5454545454545,22000,3.7e-06,31070
34867,8,1,27.8541724532961,29952,32423,29952,29.0909090909091,22000,7.3e-06,32423
34868,8,1,29.2905725896703,29952,31346,29952,29.0909090909091,22000,7.3e-06,31346
34869,9,1,32.2422594130023,29952,30431,29952,32.7272727272727,22000,8.2e-06,30431
34871,7,1,24.3464097165733,29955,30063,29955,25.4545454545455,22000,6.4e-06,30063
34872,7,1,24.0352039692644,29955,32836,29955,25.4545454545455,22000,6.4e-06,32836
34873,9,1,32.1007945444445,29955,31552,29955,32.7272727272727,22000,8.2e-06,31552
34874,6,1,23.7050934323241,29956,30403,29956,21.8181818181818,22000,5.5e-06,30403
34875,6,1,22.0300552694108,29956,37827,29956,21.8181818181818,22000,5.5e-06,37827
34876,5,1,18.0729977565831,29957,31407,29957,18.1818181818182,22000,4.6e-06,31407
34877,9,1,32.9467207281362,29958,31013,29958,32.7272727272727,22000,8.2e-06,31013
34879,7,1,24.5168467140359,29960,30927,29960,25.4545454545455,22000,6.4e-06,30927
34880,7,1,25.5667661595264,29963,37827,29963,25.4545454545455,22000,6.4e-06,37827
34884,3,1,10.9826448092229,29967,39770,29967,10.9090909090909,22000,2.8e-06,39770
34885,6,1,21.3563593733474,29967,33432,29967,21.8181818181818,22000,5.5e-06,33432
34887,6,1,23.6717291391346,29971,30571,29971,21.8181818181818,22000,5.5e-06,30571
34888,2,1,7.60460684853221,29974,30012,29974,7.27272727272727,22000,1.9e-06,30012
34890,4,1,15.65279265263,29975,30281,29975,14.5454545454545,22000,3.7e-06,30281
34891,7,1,27.1183568956904,29975,31045,29975,25.4545454545455,22000,6.4e-06,31045
34892,9,1,33.4494150730005,29976,30380,29976,32.7272727272727,22000,8.2e-06,30380
34893,8,1,30.352198990259,29977,30363,29977,29.0909090909091,22000,7.3e-06,30363
34894,10,1,35.1746836864866,29977,32227,29977,36.3636363636364,22000,9.1e-06,32227
34896,10,1,37.3775218486447,29978,30388,29978,36.3636363636364,22000,9.1e-06,30388
34897,3,1,11.3887805227315,29979,39812,29979,10.9090909090909,22000,2.8e-06,39812
34898,6,1,22.515801344709,29979,31596,29979,21.8181818181818,22000,5.5e-06,31596
34899,7,1,26.465505868264,29979,30172,29979,25.4545454545455,22000,6.4e-06,30172
34900,2,1,6.35839794305305,29980,33171,29980,7.27272727272727,22000,1.9e-06,33171
34902,6,1,21.9857285564373,29981,31185,29981,21.8181818181818,22000,5.5e-06,31185
34903,7,1,26.0777528210152,29982,34741,29982,25.4545454545455,22000,6.4e-06,34741
34904,8,1,28.3782047070389,29982,31346,29982,29.0909090909091,22000,7.3e-06,31346
34905,10,1,35.5672932658473,29985,30702,29985,36.3636363636364,22000,9.1e-06,30702
34906,9,1,31.22360109918,29986,30115,29986,32.7272727272727,22000,8.2e-06,30115
34907,9,1,30.3669002562349,29986,30036,29986,32.7272727272727,22000,8.2e-06,30036
34908,4,1,13.711197187976,29987,32253,29987,14.5454545454545,22000,3.7e-06,32253
34909,9,1,32.2945930222574,29987,30881,29987,32.7272727272727,22000,8.2e-06,30881
34910,6,1,21.8641788311102,29988,30119,29988,21.8181818181818,22000,5.5e-06,30119
34911,7,1,25.9335975847596,29988,34351,29988,25.4545454545455,22000,6.4e-06,34351
34912,5,1,18.6032646854351,29989,32380,29989,18.1818181818182,22000,4.6e-06,32380
34913,10,1,36.1210739948812,29990,30669,29990,36.3636363636364,22000,9.1e-06,30669
34914,1,1,1.15094253681586,29991,30130,29991,3.63636363636364,22000,1e-06,30130
34915,4,1,14.2663910298701,29992,35362,29992,14.5454545454545,22000,3.7e-06,35362
34916,10,1,36.5915972667046,29994,34929,29994,36.3636363636364,22000,9.1e-06,34929
34917,3,1,10.3213993277847,29996,31297,29996,10.9090909090909,22000,2.8e-06,31297
34918,5,1,18.2037204024333,29998,45685,29998,18.1818181818182,22000,4.6e-06,45685
34919,5,1,18.0189182618154,29999,33132,29999,18.1818181818182,22000,4.6e-06,33132
34920,5,1,19.1895858310173,29999,30844,29999,18.1818181818182,22000,4.6e-06,30844
34921,9,1,33.2849844715912,30000,30108,30000,32.7272727272727,22000,8.2e-06,30108
