###############################################

# Prior block chosen by BAMMtools::setBAMMpriors

poissonRatePrior = 1.0

lambdaInitPrior = 832.917203633373

lambdaShiftPrior = 3.83853748040217e-05

muInitPrior = 832.917203633373

lambdaInitRootPrior = 4164.58601816686

lambdaShiftRootPrior = 3.83853748040217e-05

muInitRootPrior = 4164.58601816686

#### End Prior block
######################


